0 0.533674 0.52199 0.527315 0.532986 0.525535 0.529025 0.531525 0.537509 0.523797 0.526386 0.520547 0.540332 0.530732 0.514706 0.514832 0.529253 0.533685 0.528048 0.524053 0.535634 0.521344 0.529598 0.535265 0.534294 0.524386 0.543215 0.535303 0.529771 0.53461 0.5339 0.531908 0.53998 0.539412 0.548983 0.534951 0.519586 0.531759 0.528205 0.535909
0.533674 0 0.525375 0.528182 0.526499 0.532375 0.532909 0.52782 0.538289 0.535153 0.528136 0.531519 0.534553 0.537044 0.518593 0.528277 0.542643 0.52634 0.533682 0.5381 0.540137 0.541481 0.541632 0.542532 0.526716 0.531476 0.532727 0.544725 0.539818 0.538485 0.53667 0.536824 0.541123 0.538402 0.543763 0.545681 0.530786 0.544267 0.534353 0.536145
0.52199 0.525375 0 0.528836 0.508885 0.519636 0.527566 0.531459 0.537018 0.535032 0.535707 0.510309 0.541717 0.527312 0.531586 0.522989 0.53034 0.542145 0.531261 0.518556 0.548955 0.536608 0.522175 0.526132 0.531493 0.530279 0.532334 0.538524 0.534997 0.533805 0.545708 0.532768 0.549883 0.537269 0.533771 0.540308 0.527298 0.538765 0.534267 0.532928
0.527315 0.528182 0.528836 0 0.53806 0.532028 0.545002 0.535052 0.543052 0.530467 0.536252 0.537163 0.546785 0.53921 0.531288 0.534435 0.538907 0.530014 0.543584 0.528858 0.544836 0.534648 0.538617 0.549884 0.543947 0.536491 0.547147 0.558732 0.53978 0.541295 0.539471 0.541797 0.547354 0.538579 0.553904 0.547214 0.526673 0.535761 0.524984 0.527408
0.532986 0.526499 0.508885 0.53806 0 0.523349 0.520577 0.539563 0.532465 0.532623 0.539699 0.517495 0.546278 0.535991 0.529102 0.518823 0.535622 0.538908 0.538169 0.527545 0.551501 0.540574 0.524326 0.541799 0.529123 0.540496 0.541979 0.537766 0.534782 0.538776 0.540618 0.536804 0.553305 0.535937 0.532529 0.542646 0.529745 0.536228 0.530483 0.533288
0.525535 0.532375 0.519636 0.532028 0.523349 0 0.523784 0.529457 0.534482 0.542138 0.526137 0.523792 0.541441 0.530784 0.530443 0.525072 0.532882 0.531973 0.52987 0.530442 0.54661 0.532437 0.533502 0.533977 0.542416 0.535223 0.532575 0.546781 0.534066 0.531613 0.534916 0.525407 0.542839 0.540332 0.530137 0.541229 0.530446 0.53061 0.521472 0.535327
0.529025 0.532909 0.527566 0.545002 0.520577 0.523784 0 0.526362 0.533228 0.528472 0.536168 0.529445 0.546312 0.530657 0.528267 0.529197 0.527063 0.543384 0.538967 0.529308 0.551116 0.538984 0.533004 0.538778 0.531135 0.53544 0.541726 0.548919 0.540453 0.541358 0.53495 0.537356 0.548213 0.540136 0.537971 0.53843 0.531742 0.537973 0.531941 0.523667
0.531525 0.52782 0.531459 0.535052 0.539563 0.529457 0.526362 0 0.538901 0.543844 0.530469 0.520868 0.540714 0.531219 0.532725 0.529139 0.538922 0.536432 0.539126 0.531558 0.549775 0.535951 0.537946 0.544103 0.538665 0.537921 0.54605 0.554545 0.537459 0.544785 0.539788 0.530795 0.537862 0.546058 0.544737 0.538131 0.539878 0.537188 0.537307 0.538115
0.537509 0.538289 0.537018 0.543052 0.532465 0.534482 0.533228 0.538901 0 0.536113 0.528615 0.530787 0.542696 0.539847 0.540022 0.529812 0.534997 0.535637 0.534398 0.53129 0.543994 0.530172 0.543264 0.53868 0.542927 0.545158 0.540952 0.550771 0.540011 0.552666 0.542096 0.542343 0.545563 0.539474 0.545316 0.545686 0.53493 0.532005 0.534254 0.54654
0.523797 0.535153 0.535032 0.530467 0.532623 0.542138 0.528472 0.543844 0.536113 0 0.518153 0.524734 0.539578 0.530788 0.517971 0.527426 0.53488 0.530127 0.533733 0.53075 0.542989 0.536572 0.520071 0.538375 0.531347 0.533821 0.545964 0.544554 0.536204 0.535356 0.546717 0.552235 0.537485 0.533674 0.537809 0.527637 0.533843 0.525288 0.52441 0.530418
0.526386 0.528136 0.535707 0.536252 0.539699 0.526137 0.536168 0.530469 0.528615 0.518153 0 0.529371 0.533808 0.53057 0.520376 0.522835 0.538085 0.516889 0.528218 0.523425 0.539951 0.534679 0.532491 0.537986 0.534846 0.541591 0.533036 0.546507 0.537495 0.543393 0.526808 0.539882 0.529885 0.523317 0.543598 0.530932 0.534669 0.525904 0.520906 0.540852
0.520547 0.531519 0.510309 0.537163 0.517495 0.523792 0.529445 0.520868 0.530787 0.524734 0.529371 0 0.539078 0.532201 0.531815 0.523458 0.53313 0.537141 0.536967 0.526495 0.533486 0.527822 0.522201 0.535 0.530827 0.515929 0.533038 0.542908 0.52363 0.524356 0.548883 0.525548 0.547302 0.529662 0.528404 0.530322 0.520626 0.528031 0.516009 0.529241
0.540332 0.534553 0.541717 0.546785 0.546278 0.541441 0.546312 0.540714 0.542696 0.539578 0.533808 0.539078 0 0.538885 0.531447 0.534795 0.546141 0.540412 0.531404 0.539994 0.545397 0.543535 0.547046 0.542948 0.539971 0.552839 0.539874 0.553264 0.551431 0.541982 0.544998 0.544295 0.554459 0.546376 0.553346 0.555659 0.541236 0.540478 0.532004 0.539024
0.530732 0.537044 0.527312 0.53921 0.535991 0.530784 0.530657 0.531219 0.539847 0.530788 0.53057 0.532201 0.538885 0 0.530711 0.521611 0.543018 0.535164 0.532365 0.53004 0.532653 0.540008 0.543269 0.536907 0.538234 0.541647 0.537842 0.559025 0.545546 0.552403 0.543255 0.541532 0.540117 0.54097 0.544297 0.539755 0.544614 0.547801 0.533969 0.548958
0.514706 0.518593 0.531586 0.531288 0.529102 0.530443 0.528267 0.532725 0.540022 0.517971 0.520376 0.531815 0.531447 0.530711 0 0.521916 0.532647 0.524682 0.530657 0.523015 0.543342 0.538313 0.53896 0.534002 0.533775 0.535563 0.545511 0.540143 0.544855 0.542113 0.533801 0.531512 0.547314 0.533948 0.538542 0.525928 0.532763 0.528956 0.531525 0.539668
0.514832 0.528277 0.522989 0.534435 0.518823 0.525072 0.529197 0.529139 0.529812 0.527426 0.522835 0.523458 0.534795 0.521611 0.521916 0 0.529419 0.535514 0.52401 0.520693 0.534883 0.527063 0.52598 0.521943 0.539355 0.533522 0.538361 0.541591 0.523815 0.530912 0.524236 0.530593 0.543919 0.534974 0.539864 0.534996 0.531626 0.522076 0.520333 0.531522
0.529253 0.542643 0.53034 0.538907 0.535622 0.532882 0.527063 0.538922 0.534997 0.53488 0.538085 0.53313 0.546141 0.543018 0.532647 0.529419 0 0.543127 0.543114 0.522884 0.547444 0.534596 0.535099 0.53821 0.536157 0.544081 0.539173 0.551818 0.53551 0.541185 0.542298 0.538976 0.554743 0.531296 0.530863 0.535915 0.526765 0.534958 0.532252 0.533703
0.533685 0.52634 0.542145 0.530014 0.538908 0.531973 0.543384 0.536432 0.535637 0.530127 0.516889 0.537141 0.540412 0.535164 0.524682 0.535514 0.543127 0 0.524643 0.538112 0.542679 0.539941 0.546712 0.529347 0.550247 0.53871 0.54988 0.55046 0.53871 0.552806 0.543071 0.549257 0.544595 0.539296 0.542294 0.534195 0.542874 0.532663 0.534137 0.538747
0.528048 0.533682 0.531261 0.543584 0.538169 0.52987 0.538967 0.539126 0.534398 0.533733 0.528218 0.536967 0.531404 0.532365 0.530657 0.52401 0.543114 0.524643 0 0.535423 0.548424 0.537324 0.542078 0.543947 0.549011 0.544549 0.539391 0.553453 0.540589 0.539547 0.534651 0.543189 0.539224 0.542961 0.550042 0.537709 0.548372 0.539365 0.530529 0.541494
0.524053 0.5381 0.518556 0.528858 0.527545 0.530442 0.529308 0.531558 0.53129 0.53075 0.523425 0.526495 0.539994 0.53004 0.523015 0.520693 0.522884 0.538112 0.535423 0 0.533928 0.531328 0.521681 0.53057 0.542728 0.532666 0.537198 0.549139 0.534715 0.537647 0.530013 0.530222 0.548438 0.525773 0.538223 0.530974 0.533524 0.542931 0.521923 0.535001
0.535634 0.540137 0.548955 0.544836 0.551501 0.54661 0.551116 0.549775 0.543994 0.542989 0.539951 0.533486 0.545397 0.532653 0.543342 0.534883 0.547444 0.542679 0.548424 0.533928 0 0.525153 0.518018 0.537876 0.535193 0.53439 0.526949 0.533078 0.536553 0.531078 0.548339 0.553739 0.553921 0.551954 0.55506 0.546743 0.537446 0.550802 0.528848 0.550198
0.521344 0.541481 0.536608 0.534648 0.540574 0.532437 0.538984 0.535951 0.530172 0.536572 0.534679 0.527822 0.543535 0.540008 0.538313 0.527063 0.534596 0.539941 0.537324 0.531328 0.525153 0 0.514618 0.528264 0.508716 0.524792 0.534105 0.52179 0.519261 0.514604 0.547759 0.542446 0.553651 0.541474 0.540047 0.537781 0.538787 0.545453 0.537451 0.539372
0.529598 0.541632 0.522175 0.538617 0.524326 0.533502 0.533004 0.537946 0.543264 0.520071 0.532491 0.522201 0.547046 0.543269 0.53896 0.52598 0.535099 0.546712 0.542078 0.521681 0.518018 0.514618 0 0.524984 0.516062 0.513442 0.529738 0.52728 0.523388 0.517066 0.543567 0.529326 0.553238 0.54277 0.543451 0.549219 0.521984 0.533184 0.534592 0.541179
0.535265 0.542532 0.526132 0.549884 0.541799 0.533977 0.538778 0.544103 0.53868 0.538375 0.537986 0.535 0.542948 0.536907 0.534002 0.521943 0.53821 0.529347 0.543947 0.53057 0.537876 0.528264 0.524984 0 0.531572 0.523699 0.499279 0.530627 0.522481 0.527863 0.540869 0.542506 0.550768 0.542246 0.545552 0.539384 0.540105 0.539785 0.534736 0.54458
0.534294 0.526716 0.531493 0.543947 0.529123 0.542416 0.531135 0.538665 0.542927 0.531347 0.534846 0.530827 0.539971 0.538234 0.533775 0.539355 0.536157 0.550247 0.549011 0.542728 0.535193 0.508716 0.516062 0.531572 0 0.529338 0.527874 0.528183 0.524602 0.517032 0.550144 0.541072 0.555839 0.549542 0.549489 0.55161 0.532671 0.541657 0.54355 0.54401
0.524386 0.531476 0.530279 0.536491 0.540496 0.535223 0.53544 0.537921 0.545158 0.533821 0.541591 0.515929 0.552839 0.541647 0.535563 0.533522 0.544081 0.53871 0.544549 0.532666 0.53439 0.524792 0.513442 0.523699 0.529338 0 0.525645 0.535816 0.51511 0.518643 0.551199 0.537856 0.553175 0.546204 0.533155 0.543192 0.528015 0.541639 0.539572 0.53761
0.543215 0.532727 0.532334 0.547147 0.541979 0.532575 0.541726 0.54605 0.540952 0.545964 0.533036 0.533038 0.539874 0.537842 0.545511 0.538361 0.539173 0.54988 0.539391 0.537198 0.526949 0.534105 0.529738 0.499279 0.527874 0.525645 0 0.53294 0.528925 0.521004 0.542311 0.544809 0.551225 0.549408 0.549414 0.550976 0.538199 0.545367 0.538422 0.545386
0.535303 0.544725 0.538524 0.558732 0.537766 0.546781 0.548919 0.554545 0.550771 0.544554 0.546507 0.542908 0.553264 0.559025 0.540143 0.541591 0.551818 0.55046 0.553453 0.549139 0.533078 0.52179 0.52728 0.530627 0.528183 0.535816 0.53294 0 0.512803 0.528551 0.558783 0.553456 0.572463 0.549456 0.557943 0.557199 0.54314 0.558414 0.554995 0.549753
0.529771 0.539818 0.534997 0.53978 0.534782 0.534066 0.540453 0.537459 0.540011 0.536204 0.537495 0.52363 0.551431 0.545546 0.544855 0.523815 0.53551 0.53871 0.540589 0.534715 0.536553 0.519261 0.523388 0.522481 0.524602 0.51511 0.528925 0.512803 0 0.520639 0.54925 0.535331 0.550361 0.554647 0.538561 0.542155 0.532277 0.546575 0.541524 0.540697
0.53461 0.538485 0.533805 0.541295 0.538776 0.531613 0.541358 0.544785 0.552666 0.535356 0.543393 0.524356 0.541982 0.552403 0.542113 0.530912 0.541185 0.552806 0.539547 0.537647 0.531078 0.514604 0.517066 0.527863 0.517032 0.518643 0.521004 0.528551 0.520639 0 0.549226 0.541726 0.561084 0.555929 0.555322 0.549329 0.528484 0.542939 0.544334 0.545037
0.5339 0.53667 0.545708 0.539471 0.540618 0.534916 0.53495 0.539788 0.542096 0.546717 0.526808 0.548883 0.544998 0.543255 0.533801 0.524236 0.542298 0.543071 0.534651 0.530013 0.548339 0.547759 0.543567 0.540869 0.550144 0.551199 0.542311 0.558783 0.54925 0.549226 0 0.543242 0.553505 0.541868 0.541829 0.536468 0.551508 0.545175 0.529129 0.544498
0.531908 0.536824 0.532768 0.541797 0.536804 0.525407 0.537356 0.530795 0.542343 0.552235 0.539882 0.525548 0.544295 0.541532 0.531512 0.530593 0.538976 0.549257 0.543189 0.530222 0.553739 0.542446 0.529326 0.542506 0.541072 0.537856 0.544809 0.553456 0.535331 0.541726 0.543242 0 0.556176 0.550076 0.541066 0.544563 0.532832 0.545386 0.533584 0.549
0.53998 0.541123 0.549883 0.547354 0.553305 0.542839 0.548213 0.537862 0.545563 0.537485 0.529885 0.547302 0.554459 0.540117 0.547314 0.543919 0.554743 0.544595 0.539224 0.548438 0.553921 0.553651 0.553238 0.550768 0.555839 0.553175 0.551225 0.572463 0.550361 0.561084 0.553505 0.556176 0 0.542187 0.549367 0.554312 0.550202 0.54865 0.54206 0.556643
0.539412 0.538402 0.537269 0.538579 0.535937 0.540332 0.540136 0.546058 0.539474 0.533674 0.523317 0.529662 0.546376 0.54097 0.533948 0.534974 0.531296 0.539296 0.542961 0.525773 0.551954 0.541474 0.54277 0.542246 0.549542 0.546204 0.549408 0.549456 0.554647 0.555929 0.541868 0.550076 0.542187 0 0.539989 0.543397 0.538345 0.542965 0.540419 0.53569
0.548983 0.543763 0.533771 0.553904 0.532529 0.530137 0.537971 0.544737 0.545316 0.537809 0.543598 0.528404 0.553346 0.544297 0.538542 0.539864 0.530863 0.542294 0.550042 0.538223 0.55506 0.540047 0.543451 0.545552 0.549489 0.533155 0.549414 0.557943 0.538561 0.555322 0.541829 0.541066 0.549367 0.539989 0 0.542273 0.535174 0.542201 0.535431 0.542212
0.534951 0.545681 0.540308 0.547214 0.542646 0.541229 0.53843 0.538131 0.545686 0.527637 0.530932 0.530322 0.555659 0.539755 0.525928 0.534996 0.535915 0.534195 0.537709 0.530974 0.546743 0.537781 0.549219 0.539384 0.55161 0.543192 0.550976 0.557199 0.542155 0.549329 0.536468 0.544563 0.554312 0.543397 0.542273 0 0.543731 0.548515 0.537741 0.554658
0.519586 0.530786 0.527298 0.526673 0.529745 0.530446 0.531742 0.539878 0.53493 0.533843 0.534669 0.520626 0.541236 0.544614 0.532763 0.531626 0.526765 0.542874 0.548372 0.533524 0.537446 0.538787 0.521984 0.540105 0.532671 0.528015 0.538199 0.54314 0.532277 0.528484 0.551508 0.532832 0.550202 0.538345 0.535174 0.543731 0 0.528285 0.527537 0.532356
0.531759 0.544267 0.538765 0.535761 0.536228 0.53061 0.537973 0.537188 0.532005 0.525288 0.525904 0.528031 0.540478 0.547801 0.528956 0.522076 0.534958 0.532663 0.539365 0.542931 0.550802 0.545453 0.533184 0.539785 0.541657 0.541639 0.545367 0.558414 0.546575 0.542939 0.545175 0.545386 0.54865 0.542965 0.542201 0.548515 0.528285 0 0.527181 0.549961
0.528205 0.534353 0.534267 0.524984 0.530483 0.521472 0.531941 0.537307 0.534254 0.52441 0.520906 0.516009 0.532004 0.533969 0.531525 0.520333 0.532252 0.534137 0.530529 0.521923 0.528848 0.537451 0.534592 0.534736 0.54355 0.539572 0.538422 0.554995 0.541524 0.544334 0.529129 0.533584 0.54206 0.540419 0.535431 0.537741 0.527537 0.527181 0 0.536259
0.535909 0.536145 0.532928 0.527408 0.533288 0.535327 0.523667 0.538115 0.54654 0.530418 0.540852 0.529241 0.539024 0.548958 0.539668 0.531522 0.533703 0.538747 0.541494 0.535001 0.550198 0.539372 0.541179 0.54458 0.54401 0.53761 0.545386 0.549753 0.540697 0.545037 0.544498 0.549 0.556643 0.53569 0.542212 0.554658 0.532356 0.549961 0.536259 0
