0 0.626561 0.431328 0.631699 0.392736 0.631818 0.39218 0.721143 0.679181 0.624 1.610478 0.338252 1.552781 0.599319 0.664391 0.660613 0.364465 1.476136 1.561503 0.613636 0.712826 0.519864 0.394318 0.779796 0.421112 0.464245 0.746591 0.53916 0.488636 0.581158 1.569807 0.441975 1.493827 0.571081 0.404639 0.606098 0.296254 0.732123 0.606129 0.651532
0.626561 0 0.655329 0.376993 0.655329 0.419977 0.734911 0.503425 0.436364 0.453196 0.860068 0.64966 0.85941 0.417234 0.440909 0.412698 0.722412 0.816118 0.846416 0.473326 0.619048 0.688209 0.69353 0.60771 0.664399 0.701814 0.527809 0.74263 0.830874 0.76644 0.840136 0.7164 0.87053 0.382282 0.673102 0.448234 0.539683 0.493197 0.426304 0.399093
0.431328 0.655329 0 0.661731 0.199546 0.644722 0.281657 0.847032 0.664773 0.687215 1.700796 0.298186 1.723356 0.689342 0.630682 0.664399 0.334471 1.684449 1.649602 0.61521 0.945578 0.606576 0.439274 0.93424 0.394558 0.307256 0.922815 0.64059 0.646992 0.564626 1.674603 0.35635 1.683107 0.68932 0.325611 0.697929 0.294785 0.663265 0.693878 0.598639
0.631699 0.376993 0.661731 0 0.629841 0.386545 0.700357 0.557339 0.43379 0.413991 0.821714 0.66287 0.927107 0.414579 0.402968 0.470387 0.669714 0.870011 0.875429 0.418472 0.68451 0.712984 0.676169 0.577449 0.673121 0.677677 0.556442 0.830296 0.914481 0.765376 0.857631 0.674102 0.880099 0.440926 0.614489 0.481028 0.572893 0.479499 0.473804 0.454442
0.392736 0.655329 0.199546 0.629841 0 0.603859 0.252071 0.878995 0.623864 0.681507 1.790671 0.304989 1.734694 0.680272 0.660227 0.707483 0.304892 1.741203 1.711035 0.637911 0.913832 0.527211 0.432463 0.93424 0.369615 0.304989 0.925085 0.633787 0.649262 0.489796 1.772109 0.278668 1.739827 0.656553 0.316602 0.700365 0.235828 0.685941 0.664399 0.591837
0.631818 0.419977 0.644722 0.386545 0.603859 0 0.609005 0.523429 0.405006 0.459429 0.854214 0.657208 0.875142 0.416572 0.367463 0.38479 0.640091 0.889773 0.781321 0.365909 0.643587 0.713961 0.629545 0.604994 0.69807 0.634506 0.606818 0.84336 0.932955 0.825199 0.868331 0.675309 0.865432 0.365735 0.615979 0.484775 0.544835 0.360953 0.390465 0.407491
0.39218 0.734911 0.281657 0.700357 0.252071 0.609005 0 0.904648 0.622776 0.697259 1.744656 0.281657 1.742012 0.681657 0.708185 0.681657 0.286223 1.733412 1.7019 0.601896 0.908876 0.673373 0.445498 0.963314 0.471006 0.328994 0.96327 0.72426 0.72071 0.611834 1.771598 0.379135 1.717224 0.632111 0.367429 0.724619 0.325444 0.688757 0.67574 0.582249
0.721143 0.503425 0.847032 0.557339 0.878995 0.523429 0.904648 0 0.455378 0.458621 0.762887 0.721461 0.660959 0.422374 0.542334 0.520548 0.89118 0.654857 0.667812 0.474286 0.546804 0.964612 0.956571 0.515982 0.890411 0.938356 0.601143 0.952055 0.892571 0.987443 0.579909 0.899379 0.650932 0.444988 0.840467 0.457772 0.780822 0.579909 0.44863 0.517123
0.679181 0.436364 0.664773 0.43379 0.623864 0.405006 0.622776 0.455378 0 0.407323 0.793615 0.595455 0.825 0.393182 0.452164 0.382955 0.671608 0.845279 0.767389 0.409556 0.594318 0.788636 0.745165 0.560227 0.714773 0.695455 0.581342 0.890909 0.862344 0.821591 0.8125 0.710754 0.812114 0.36452 0.66366 0.461538 0.614773 0.438636 0.419318 0.368182
0.624 0.453196 0.687215 0.413991 0.681507 0.459429 0.697259 0.458621 0.407323 0 0.800687 0.611872 0.744292 0.494292 0.505721 0.454338 0.679267 0.796571 0.816724 0.461714 0.559361 0.794521 0.758857 0.5879 0.768265 0.746575 0.593143 0.906393 0.867429 0.829909 0.804795 0.715528 0.842432 0.408039 0.647211 0.468712 0.624429 0.520548 0.422374 0.394977
1.610478 0.860068 1.700796 0.821714 1.790671 0.854214 1.744656 0.762887 0.793615 0.800687 0 1.650739 0.489192 0.825939 0.808438 0.739477 1.73516 0.5 0.377854 0.812073 1.021615 1.722412 1.742597 0.83959 1.711035 1.769056 0.906606 1.833902 1.921412 1.848692 0.419795 1.741337 0.517327 0.783455 1.550388 0.849633 1.665529 0.783845 0.875995 0.83504
0.338252 0.64966 0.298186 0.66287 0.304989 0.657208 0.281657 0.721461 0.595455 0.611872 1.650739 0 1.572562 0.665533 0.667045 0.631519 0.340159 1.544835 1.598407 0.598184 0.783447 0.600907 0.475596 0.821995 0.431973 0.371882 0.876277 0.585034 0.486947 0.577098 1.575964 0.369914 1.585697 0.584951 0.341055 0.616322 0.354875 0.718821 0.595238 0.558957
1.552781 0.85941 1.723356 0.927107 1.734694 0.875142 1.742012 0.660959 0.825 0.744292 0.489192 1.572562 0 0.823129 0.923864 0.78458 1.751991 0.486947 0.499431 0.911464 0.857143 1.72449 1.721907 0.836735 1.746032 1.753968 0.846765 1.704082 1.699205 1.798186 0.441043 1.74476 0.557337 0.822816 1.630631 0.868453 1.614512 0.842404 0.761905 0.816327
0.599319 0.417234 0.689342 0.414579 0.680272 0.416572 0.681657 0.422374 0.393182 0.494292 0.825939 0.665533 0.823129 0 0.431818 0.421769 0.700796 0.796822 0.810011 0.46311 0.52381 0.735828 0.664018 0.526077 0.698413 0.692744 0.45403 0.776644 0.836549 0.802721 0.776644 0.723798 0.750925 0.419903 0.683398 0.406821 0.598639 0.438776 0.401361 0.430839
0.664391 0.440909 0.630682 0.402968 0.660227 0.367463 0.708185 0.542334 0.452164 0.505721 0.808438 0.667045 0.923864 0.431818 0 0.454545 0.653364 0.891923 0.827822 0.373151 0.676136 0.748864 0.714448 0.565909 0.65 0.731818 0.666667 0.892045 0.969283 0.807955 0.797727 0.660074 0.89864 0.346294 0.540645 0.406593 0.598864 0.360227 0.475 0.413636
0.660613 0.412698 0.664399 0.470387 0.707483 0.38479 0.681657 0.520548 0.382955 0.454338 0.739477 0.631519 0.78458 0.421769 0.454545 0 0.695108 0.749149 0.734926 0.404086 0.560091 0.790249 0.673099 0.582766 0.736961 0.688209 0.531215 0.815193 0.870602 0.870748 0.767574 0.733662 0.781751 0.395631 0.696268 0.483557 0.619048 0.373016 0.396825 0.378685
0.364465 0.722412 0.334471 0.669714 0.304892 0.640091 0.286223 0.89118 0.671608 0.679267 1.73516 0.340159 1.751991 0.700796 0.653364 0.695108 0 1.720957 1.718037 0.548975 0.898749 0.642776 0.403189 0.853242 0.418658 0.36405 0.96697 0.657565 0.612756 0.577929 1.724687 0.32302 1.748762 0.612667 0.315722 0.73138 0.319681 0.711035 0.68942 0.599545
1.476136 0.816118 1.684449 0.870011 1.741203 0.889773 1.733412 0.654857 0.845279 0.796571 0.5 1.544835 0.486947 0.796822 0.891923 0.749149 1.720957 0 0.580866 0.879545 0.856981 1.659478 1.622727 0.813848 1.699205 1.708286 0.795455 1.611805 1.659091 1.761635 0.374574 1.751852 0.406173 0.8226 1.571429 0.812195 1.575482 0.85017 0.729852 0.805902
1.561503 0.846416 1.649602 0.875429 1.711035 0.781321 1.7019 0.667812 0.767389 0.816724 0.377854 1.598407 0.499431 0.810011 0.827822 0.734926 1.718037 0.580866 0 0.789294 0.98521 1.651877 1.709567 0.845279 1.676906 1.711035 0.919134 1.749716 1.839408 1.771331 0.423208 1.681931 0.498762 0.785627 1.563707 0.871638 1.569966 0.732651 0.780432 0.916951
0.613636 0.473326 0.61521 0.418472 0.637911 0.365909 0.601896 0.474286 0.409556 0.461714 0.812073 0.598184 0.911464 0.46311 0.373151 0.404086 0.548975 0.879545 0.789294 0 0.631101 0.718502 0.675 0.558456 0.671964 0.648127 0.6125 0.85244 0.869318 0.77185 0.902384 0.632552 0.850617 0.331713 0.572165 0.441463 0.560726 0.364359 0.395006 0.38479
0.712826 0.619048 0.945578 0.68451 0.913832 0.643587 0.908876 0.546804 0.594318 0.559361 1.021615 0.783447 0.857143 0.52381 0.676136 0.560091 0.898749 0.856981 0.98521 0.631101 0 0.803855 0.745743 0.53288 0.816327 0.840136 0.447219 0.729025 0.664018 0.931973 0.946712 0.964242 0.831073 0.566748 0.912484 0.495737 0.807256 0.706349 0.537415 0.591837
0.519864 0.688209 0.606576 0.712984 0.527211 0.713961 0.673373 0.964612 0.788636 0.794521 1.722412 0.600907 1.72449 0.735828 0.748864 0.790249 0.642776 1.659478 1.651877 0.718502 0.803855 0 0.413167 0.856009 0.366213 0.505669 0.640182 0.433107 0.573212 0.411565 1.755102 0.535142 1.647349 0.725728 0.57529 0.767357 0.450113 0.909297 0.787982 0.80839
0.394318 0.69353 0.439274 0.676169 0.432463 0.629545 0.445498 0.956571 0.745165 0.758857 1.742597 0.475596 1.721907 0.664018 0.714448 0.673099 0.403189 1.622727 1.709567 0.675 0.745743 0.413167 0 0.770715 0.383655 0.333712 0.707955 0.431328 0.510227 0.45403 1.759364 0.497531 1.644444 0.732685 0.463918 0.737805 0.38025 0.77412 0.763905 0.6958
0.779796 0.60771 0.93424 0.577449 0.93424 0.604994 0.963314 0.515982 0.560227 0.5879 0.83959 0.821995 0.836735 0.526077 0.565909 0.582766 0.853242 0.813848 0.845279 0.558456 0.53288 0.856009 0.770715 0 0.716553 0.851474 0.45857 0.776644 0.825199 0.809524 0.828798 0.937115 0.794081 0.566748 0.815959 0.492083 0.845805 0.670068 0.582766 0.553288
0.421112 0.664399 0.394558 0.673121 0.369615 0.69807 0.471006 0.890411 0.714773 0.768265 1.711035 0.431973 1.746032 0.698413 0.65 0.736961 0.418658 1.699205 1.676906 0.671964 0.816327 0.366213 0.383655 0.716553 0 0.379819 0.716232 0.436508 0.499432 0.369615 1.708617 0.387176 1.670777 0.667476 0.413127 0.62363 0.360544 0.79932 0.712018 0.70068
0.464245 0.701814 0.307256 0.677677 0.304989 0.634506 0.328994 0.938356 0.695455 0.746575 1.769056 0.371882 1.753968 0.692744 0.731818 0.688209 0.36405 1.708286 1.711035 0.648127 0.840136 0.505669 0.333712 0.851474 0.379819 0 0.785471 0.496599 0.525539 0.404762 1.791383 0.403206 1.695438 0.703883 0.464607 0.750305 0.336735 0.795918 0.722222 0.656463
0.746591 0.527809 0.922815 0.556442 0.925085 0.606818 0.96327 0.601143 0.581342 0.593143 0.906606 0.876277 0.846765 0.45403 0.666667 0.531215 0.96697 0.795455 0.919134 0.6125 0.447219 0.640182 0.707955 0.45857 0.716232 0.785471 0 0.677639 0.809091 0.770715 0.937571 0.881481 0.801235 0.574029 0.94201 0.506098 0.777526 0.673099 0.565267 0.643587
0.53916 0.74263 0.64059 0.830296 0.633787 0.84336 0.72426 0.952055 0.890909 0.906393 1.833902 0.585034 1.704082 0.776644 0.892045 0.815193 0.657565 1.611805 1.749716 0.85244 0.729025 0.433107 0.431328 0.776644 0.436508 0.496599 0.677639 0 0.38025 0.447846 1.748299 0.676942 1.649815 0.799757 0.615187 0.817296 0.543084 0.975057 0.828798 0.851474
0.488636 0.830874 0.646992 0.914481 0.649262 0.932955 0.72071 0.892571 0.862344 0.867429 1.921412 0.486947 1.699205 0.836549 0.969283 0.870602 0.612756 1.659091 1.839408 0.869318 0.664018 0.573212 0.510227 0.825199 0.499432 0.525539 0.809091 0.38025 0 0.572077 1.734393 0.679012 1.72716 0.816525 0.643041 0.804878 0.553916 1.044268 0.837684 0.84109
0.581158 0.76644 0.564626 0.765376 0.489796 0.825199 0.611834 0.987443 0.821591 0.829909 1.848692 0.577098 1.798186 0.802721 0.807955 0.870748 0.577929 1.761635 1.771331 0.77185 0.931973 0.411565 0.45403 0.809524 0.369615 0.404762 0.770715 0.447846 0.572077 0 1.828798 0.511714 1.755857 0.81432 0.608752 0.825822 0.496599 0.937642 0.868481 0.825397
1.569807 0.840136 1.674603 0.857631 1.772109 0.868331 1.771598 0.579909 0.8125 0.804795 0.419795 1.575964 0.441043 0.776644 0.797727 0.767574 1.724687 0.374574 0.423208 0.902384 0.946712 1.755102 1.759364 0.828798 1.708617 1.791383 0.937571 1.748299 1.734393 1.828798 0 1.779285 0.493218 0.773058 1.592021 0.781973 1.64059 0.863946 0.787982 0.801587
0.441975 0.7164 0.35635 0.674102 0.278668 0.675309 0.379135 0.899379 0.710754 0.715528 1.741337 0.369914 1.74476 0.723798 0.660074 0.733662 0.32302 1.751852 1.681931 0.632552 0.964242 0.535142 0.497531 0.937115 0.387176 0.403206 0.881481 0.676942 0.679012 0.511714 1.779285 0 1.766216 0.629482 0.409348 0.714667 0.282367 0.759556 0.690506 0.704069
1.493827 0.87053 1.683107 0.880099 1.739827 0.865432 1.717224 0.650932 0.812114 0.842432 0.517327 1.585697 0.557337 0.750925 0.89864 0.781751 1.748762 0.406173 0.498762 0.850617 0.831073 1.647349 1.644444 0.794081 1.670777 1.695438 0.801235 1.649815 1.72716 1.755857 0.493218 1.766216 0 0.828685 1.589235 0.828 1.601726 0.779285 0.81381 0.844636
0.571081 0.382282 0.68932 0.440926 0.656553 0.365735 0.632111 0.444988 0.36452 0.408039 0.783455 0.584951 0.822816 0.419903 0.346294 0.395631 0.612667 0.8226 0.785627 0.331713 0.566748 0.725728 0.732685 0.566748 0.667476 0.703883 0.574029 0.799757 0.816525 0.81432 0.773058 0.629482 0.828685 0 0.584145 0.391874 0.581311 0.43932 0.383495 0.36165
0.404639 0.673102 0.325611 0.614489 0.316602 0.615979 0.367429 0.840467 0.66366 0.647211 1.550388 0.341055 1.630631 0.683398 0.540645 0.696268 0.315722 1.571429 1.563707 0.572165 0.912484 0.57529 0.463918 0.815959 0.413127 0.464607 0.94201 0.615187 0.643041 0.608752 1.592021 0.409348 1.589235 0.584145 0 0.666201 0.299871 0.620335 0.656371 0.54955
0.606098 0.448234 0.697929 0.481028 0.700365 0.484775 0.724619 0.457772 0.461538 0.468712 0.849633 0.616322 0.868453 0.406821 0.406593 0.483557 0.73138 0.812195 0.871638 0.441463 0.495737 0.767357 0.737805 0.492083 0.62363 0.750305 0.506098 0.817296 0.804878 0.825822 0.781973 0.714667 0.828 0.391874 0.666201 0 0.662607 0.422655 0.384896 0.440926
0.296254 0.539683 0.294785 0.572893 0.235828 0.544835 0.325444 0.780822 0.614773 0.624429 1.665529 0.354875 1.614512 0.598639 0.598864 0.619048 0.319681 1.575482 1.569966 0.560726 0.807256 0.450113 0.38025 0.845805 0.360544 0.336735 0.777526 0.543084 0.553916 0.496599 1.64059 0.282367 1.601726 0.581311 0.299871 0.662607 0 0.651927 0.60771 0.548753
0.732123 0.493197 0.663265 0.479499 0.685941 0.360953 0.688757 0.579909 0.438636 0.520548 0.783845 0.718821 0.842404 0.438776 0.360227 0.373016 0.711035 0.85017 0.732651 0.364359 0.706349 0.909297 0.77412 0.670068 0.79932 0.795918 0.673099 0.975057 1.044268 0.937642 0.863946 0.759556 0.779285 0.43932 0.620335 0.422655 0.651927 0 0.413832 0.386621
0.606129 0.426304 0.693878 0.473804 0.664399 0.390465 0.67574 0.44863 0.419318 0.422374 0.875995 0.595238 0.761905 0.401361 0.475 0.396825 0.68942 0.729852 0.780432 0.395006 0.537415 0.787982 0.763905 0.582766 0.712018 0.722222 0.565267 0.828798 0.837684 0.868481 0.787982 0.690506 0.81381 0.383495 0.656371 0.384896 0.60771 0.413832 0 0.401361
0.651532 0.399093 0.598639 0.454442 0.591837 0.407491 0.582249 0.517123 0.368182 0.394977 0.83504 0.558957 0.816327 0.430839 0.413636 0.378685 0.599545 0.805902 0.916951 0.38479 0.591837 0.80839 0.6958 0.553288 0.70068 0.656463 0.643587 0.851474 0.84109 0.825397 0.801587 0.704069 0.844636 0.36165 0.54955 0.440926 0.548753 0.386621 0.401361 0
