0 0.537503 0.518546 0.528355 0.536354 0.527685 0.526189 0.538855 0.541835 0.530466 0.543763 0.516876 0.55405 0.530725 0.517499 0.520137 0.526775 0.545414 0.544329 0.530447 0.53996 0.523645 0.522002 0.538205 0.530701 0.519489 0.545916 0.531486 0.532696 0.533509 0.54869 0.532631 0.548845 0.54309 0.549318 0.536319 0.513019 0.536763 0.534165 0.541917
0.537503 0 0.532365 0.53129 0.532207 0.537367 0.54051 0.531281 0.543418 0.539662 0.539609 0.535757 0.541954 0.538307 0.521374 0.535832 0.549222 0.537958 0.541062 0.542058 0.546752 0.551138 0.544505 0.544682 0.529522 0.531016 0.531607 0.548766 0.546893 0.552386 0.547046 0.542116 0.545742 0.540412 0.554639 0.54725 0.528507 0.546872 0.540527 0.53663
0.518546 0.532365 0 0.532592 0.504657 0.529137 0.527476 0.543598 0.541652 0.546834 0.550511 0.508769 0.555111 0.527302 0.531797 0.527576 0.526531 0.556162 0.550084 0.522623 0.556139 0.542583 0.523949 0.532847 0.528042 0.52438 0.538671 0.538946 0.536687 0.530645 0.56146 0.534415 0.563549 0.541687 0.542053 0.548046 0.523061 0.54079 0.542628 0.536767
0.528355 0.53129 0.532592 0 0.542602 0.532406 0.545091 0.539546 0.54162 0.536738 0.538161 0.534644 0.553551 0.538409 0.534816 0.536746 0.536778 0.530097 0.550559 0.533042 0.551379 0.53937 0.539572 0.551206 0.544474 0.539977 0.553413 0.558146 0.54806 0.542552 0.548165 0.542003 0.546843 0.544202 0.55554 0.549748 0.528233 0.539576 0.522457 0.533682
0.536354 0.532207 0.504657 0.542602 0 0.523275 0.520298 0.547656 0.536827 0.541784 0.559018 0.520943 0.565629 0.537171 0.533734 0.526538 0.532145 0.556149 0.559691 0.538356 0.559114 0.547346 0.52758 0.552992 0.52575 0.539452 0.550165 0.535917 0.538005 0.538244 0.559169 0.53853 0.56428 0.545705 0.529733 0.548377 0.525969 0.54274 0.538168 0.535403
0.527685 0.537367 0.529137 0.532406 0.523275 0 0.531226 0.530708 0.539797 0.547104 0.533397 0.526235 0.549111 0.531708 0.532599 0.521258 0.535777 0.542225 0.539578 0.534087 0.55387 0.539255 0.542337 0.540218 0.547941 0.538837 0.541631 0.554276 0.544009 0.535261 0.540227 0.534089 0.551574 0.545592 0.5372 0.540438 0.531554 0.527155 0.524935 0.537087
0.526189 0.54051 0.527476 0.545091 0.520298 0.531226 0 0.532073 0.53727 0.534511 0.558523 0.524784 0.559974 0.532991 0.535184 0.530458 0.527634 0.564565 0.557802 0.538748 0.560401 0.547107 0.537329 0.544946 0.536543 0.533435 0.550948 0.551266 0.546849 0.548605 0.552026 0.540207 0.566958 0.548006 0.539588 0.543065 0.529656 0.543733 0.537295 0.526877
0.538855 0.531281 0.543598 0.539546 0.547656 0.530708 0.532073 0 0.54651 0.551787 0.541595 0.522814 0.548061 0.526738 0.538194 0.536685 0.545483 0.544735 0.548543 0.535689 0.554035 0.543739 0.546762 0.548096 0.545097 0.541267 0.548527 0.563164 0.550143 0.552126 0.540841 0.537211 0.542275 0.550916 0.549999 0.538132 0.547469 0.545259 0.544052 0.543168
0.541835 0.543418 0.541652 0.54162 0.536827 0.539797 0.53727 0.54651 0 0.538462 0.534238 0.532842 0.553221 0.534943 0.542096 0.53265 0.540268 0.541073 0.539189 0.539796 0.548206 0.533215 0.547107 0.541762 0.546263 0.546787 0.541135 0.554996 0.547224 0.561405 0.549534 0.550825 0.552234 0.544598 0.553922 0.551298 0.537599 0.531529 0.544882 0.547519
0.530466 0.539662 0.546834 0.536738 0.541784 0.547104 0.534511 0.551787 0.538462 0 0.528258 0.528279 0.544795 0.529437 0.523118 0.533401 0.54255 0.537694 0.539926 0.533182 0.549841 0.547175 0.526585 0.542139 0.535024 0.538149 0.549963 0.551137 0.546133 0.547323 0.549438 0.563561 0.54536 0.542387 0.545571 0.531274 0.54088 0.531001 0.529889 0.53302
0.543763 0.539609 0.550511 0.538161 0.559018 0.533397 0.558523 0.541595 0.534238 0.528258 0 0.546763 0.535643 0.53522 0.528565 0.530909 0.552111 0.518271 0.530043 0.532616 0.547798 0.555455 0.551532 0.546403 0.550855 0.562814 0.542467 0.563861 0.563182 0.561168 0.523443 0.561127 0.530447 0.537052 0.563452 0.533082 0.552354 0.531947 0.531984 0.550463
0.516876 0.535757 0.508769 0.534644 0.520943 0.526235 0.524784 0.522814 0.532842 0.528279 0.546763 0 0.549284 0.528621 0.534305 0.522544 0.530191 0.547958 0.553288 0.528651 0.537362 0.530937 0.527082 0.543409 0.5286 0.514735 0.539954 0.542101 0.523782 0.52621 0.560963 0.524398 0.563608 0.531252 0.524125 0.540236 0.511718 0.529318 0.520201 0.526839
0.55405 0.541954 0.555111 0.553551 0.565629 0.549111 0.559974 0.548061 0.553221 0.544795 0.535643 0.549284 0 0.54174 0.532882 0.544344 0.565127 0.541071 0.534344 0.551423 0.553908 0.564694 0.565054 0.546647 0.556545 0.56749 0.545657 0.571385 0.569594 0.558542 0.548305 0.561325 0.557703 0.558795 0.575113 0.562961 0.554363 0.548799 0.544367 0.549446
0.530725 0.538307 0.527302 0.538409 0.537171 0.531708 0.532991 0.526738 0.534943 0.529437 0.53522 0.528621 0.54174 0 0.52896 0.523578 0.537528 0.535242 0.536235 0.534053 0.531617 0.5452 0.540409 0.537312 0.532917 0.536591 0.539717 0.557522 0.547711 0.551532 0.542205 0.538315 0.544646 0.541491 0.544889 0.539347 0.542769 0.547035 0.534127 0.548711
0.517499 0.521374 0.531797 0.534816 0.533734 0.532599 0.535184 0.538194 0.542096 0.523118 0.528565 0.534305 0.532882 0.52896 0 0.526005 0.531252 0.534448 0.539172 0.527228 0.547258 0.544014 0.544451 0.539886 0.534726 0.536944 0.55098 0.548393 0.552757 0.545354 0.540594 0.537829 0.551768 0.542586 0.545488 0.523573 0.536798 0.533391 0.540671 0.541671
0.520137 0.535832 0.527576 0.536746 0.526538 0.521258 0.530458 0.536685 0.53265 0.533401 0.530909 0.522544 0.544344 0.523578 0.526005 0 0.531192 0.538468 0.537208 0.52393 0.541313 0.53636 0.531797 0.530837 0.542979 0.533972 0.540663 0.546219 0.535246 0.539488 0.525349 0.539056 0.542524 0.540129 0.545401 0.538216 0.529424 0.527585 0.523848 0.537234
0.526775 0.549222 0.526531 0.536778 0.532145 0.535777 0.527634 0.545483 0.540268 0.54255 0.552111 0.530191 0.565127 0.537528 0.531252 0.531192 0 0.559912 0.557369 0.527715 0.54889 0.531541 0.536302 0.540328 0.535599 0.544561 0.542388 0.551284 0.535081 0.542629 0.557254 0.540283 0.567238 0.539128 0.534486 0.540777 0.523676 0.534008 0.53788 0.536332
0.545414 0.537958 0.556162 0.530097 0.556149 0.542225 0.564565 0.544735 0.541073 0.537694 0.518271 0.547958 0.541071 0.535242 0.534448 0.538468 0.559912 0 0.528874 0.544398 0.546654 0.558849 0.561448 0.540814 0.566961 0.553656 0.560448 0.560054 0.557363 0.572577 0.541582 0.564842 0.545034 0.549674 0.563134 0.541615 0.555951 0.539634 0.53877 0.547054
0.544329 0.541062 0.550084 0.550559 0.559691 0.539578 0.557802 0.548543 0.539189 0.539926 0.530043 0.553288 0.534344 0.536235 0.539172 0.537208 0.557369 0.528874 0 0.544434 0.559855 0.55905 0.564448 0.553531 0.564895 0.562686 0.548199 0.572425 0.564714 0.559892 0.532226 0.56712 0.538712 0.552494 0.56788 0.546124 0.563067 0.54323 0.542345 0.552657
0.530447 0.542058 0.522623 0.533042 0.538356 0.534087 0.538748 0.535689 0.539796 0.533182 0.532616 0.528651 0.551423 0.534053 0.527228 0.52393 0.527715 0.544398 0.544434 0 0.540783 0.53911 0.528934 0.53644 0.551013 0.540607 0.543217 0.556906 0.543711 0.542068 0.538945 0.5356 0.554127 0.535698 0.543835 0.530218 0.538769 0.544973 0.529924 0.541769
0.53996 0.546752 0.556139 0.551379 0.559114 0.55387 0.560401 0.554035 0.548206 0.549841 0.547798 0.537362 0.553908 0.531617 0.547258 0.541313 0.54889 0.546654 0.559855 0.540783 0 0.52688 0.524074 0.538061 0.54509 0.536416 0.5287 0.537929 0.540272 0.544923 0.555573 0.560587 0.553101 0.557074 0.565728 0.551227 0.546524 0.558032 0.530812 0.554289
0.523645 0.551138 0.542583 0.53937 0.547346 0.539255 0.547107 0.543739 0.533215 0.547175 0.555455 0.530937 0.564694 0.5452 0.544014 0.53636 0.531541 0.558849 0.55905 0.53911 0.52688 0 0.516437 0.54314 0.514657 0.527116 0.539894 0.52352 0.524521 0.518245 0.563382 0.549816 0.572091 0.547431 0.548317 0.545986 0.543209 0.559945 0.54425 0.552709
0.522002 0.544505 0.523949 0.539572 0.52758 0.542337 0.537329 0.546762 0.547107 0.526585 0.551532 0.527082 0.565054 0.540409 0.544451 0.531797 0.536302 0.561448 0.564448 0.528934 0.524074 0.516437 0 0.534869 0.518426 0.515514 0.539942 0.526018 0.530235 0.519216 0.561002 0.528826 0.568645 0.551595 0.546195 0.560821 0.522767 0.539447 0.543419 0.547832
0.538205 0.544682 0.532847 0.551206 0.552992 0.540218 0.544946 0.548096 0.541762 0.542139 0.546403 0.543409 0.546647 0.537312 0.539886 0.530837 0.540328 0.540814 0.553531 0.53644 0.538061 0.54314 0.534869 0 0.537279 0.527797 0.501171 0.532734 0.52854 0.531603 0.544498 0.555141 0.5521 0.548895 0.549006 0.541425 0.545749 0.543696 0.536808 0.549665
0.530701 0.529522 0.528042 0.544474 0.52575 0.547941 0.536543 0.545097 0.546263 0.535024 0.550855 0.5286 0.556545 0.532917 0.534726 0.542979 0.535599 0.566961 0.564895 0.551013 0.54509 0.514657 0.518426 0.537279 0 0.526234 0.531592 0.528672 0.525374 0.517992 0.563156 0.53807 0.567931 0.553795 0.546775 0.552495 0.533495 0.549523 0.551401 0.548651
0.519489 0.531016 0.52438 0.539977 0.539452 0.538837 0.533435 0.541267 0.546787 0.538149 0.562814 0.514735 0.56749 0.536591 0.536944 0.533972 0.544561 0.553656 0.562686 0.540607 0.536416 0.527116 0.515514 0.527797 0.526234 0 0.528774 0.534962 0.516058 0.517109 0.569351 0.534594 0.569703 0.561969 0.54087 0.540791 0.523771 0.543497 0.546643 0.538678
0.545916 0.531607 0.538671 0.553413 0.550165 0.541631 0.550948 0.548527 0.541135 0.549963 0.542467 0.539954 0.545657 0.539717 0.55098 0.540663 0.542388 0.560448 0.548199 0.543217 0.5287 0.539894 0.539942 0.501171 0.531592 0.528774 0 0.538551 0.536699 0.522489 0.552308 0.55009 0.551408 0.558232 0.556267 0.550995 0.536399 0.555564 0.54675 0.545501
0.531486 0.548766 0.538946 0.558146 0.535917 0.554276 0.551266 0.563164 0.554996 0.551137 0.563861 0.542101 0.571385 0.557522 0.548393 0.546219 0.551284 0.560054 0.572425 0.556906 0.537929 0.52352 0.526018 0.532734 0.528672 0.534962 0.538551 0 0.511745 0.524182 0.571375 0.558387 0.57982 0.55572 0.55704 0.561599 0.538994 0.565865 0.563735 0.560928
0.532696 0.546893 0.536687 0.54806 0.538005 0.544009 0.546849 0.550143 0.547224 0.546133 0.563182 0.523782 0.569594 0.547711 0.552757 0.535246 0.535081 0.557363 0.564714 0.543711 0.540272 0.524521 0.530235 0.52854 0.525374 0.516058 0.536699 0.511745 0 0.525624 0.569919 0.54309 0.565988 0.564033 0.541885 0.547819 0.529808 0.557274 0.554515 0.550916
0.533509 0.552386 0.530645 0.542552 0.538244 0.535261 0.548605 0.552126 0.561405 0.547323 0.561168 0.52621 0.558542 0.551532 0.545354 0.539488 0.542629 0.572577 0.559892 0.542068 0.544923 0.518245 0.519216 0.531603 0.517992 0.517109 0.522489 0.524182 0.525624 0 0.566282 0.536112 0.578359 0.570662 0.558919 0.560371 0.529752 0.550176 0.550228 0.554651
0.54869 0.547046 0.56146 0.548165 0.559169 0.540227 0.552026 0.540841 0.549534 0.549438 0.523443 0.560963 0.548305 0.542205 0.540594 0.525349 0.557254 0.541582 0.532226 0.538945 0.555573 0.563382 0.561002 0.544498 0.563156 0.569351 0.552308 0.571375 0.569919 0.566282 0 0.562059 0.55338 0.550491 0.559155 0.539426 0.56424 0.551458 0.539632 0.550744
0.532631 0.542116 0.534415 0.542003 0.53853 0.534089 0.540207 0.537211 0.550825 0.563561 0.561127 0.524398 0.561325 0.538315 0.537829 0.539056 0.540283 0.564842 0.56712 0.5356 0.560587 0.549816 0.528826 0.555141 0.53807 0.534594 0.55009 0.558387 0.54309 0.536112 0.562059 0 0.577326 0.560626 0.545186 0.551106 0.531183 0.556659 0.541622 0.555651
0.548845 0.545742 0.563549 0.546843 0.56428 0.551574 0.566958 0.542275 0.552234 0.54536 0.530447 0.563608 0.557703 0.544646 0.551768 0.542524 0.567238 0.545034 0.538712 0.554127 0.553101 0.572091 0.568645 0.5521 0.567931 0.569703 0.551408 0.57982 0.565988 0.578359 0.55338 0.577326 0 0.551071 0.567995 0.556422 0.565772 0.554203 0.543135 0.556901
0.54309 0.540412 0.541687 0.544202 0.545705 0.545592 0.548006 0.550916 0.544598 0.542387 0.537052 0.531252 0.558795 0.541491 0.542586 0.540129 0.539128 0.549674 0.552494 0.535698 0.557074 0.547431 0.551595 0.548895 0.553795 0.561969 0.558232 0.55572 0.564033 0.570662 0.550491 0.560626 0.551071 0 0.550249 0.548889 0.548713 0.544801 0.547429 0.541579
0.549318 0.554639 0.542053 0.55554 0.529733 0.5372 0.539588 0.549999 0.553922 0.545571 0.563452 0.524125 0.575113 0.544889 0.545488 0.545401 0.534486 0.563134 0.56788 0.543835 0.565728 0.548317 0.546195 0.549006 0.546775 0.54087 0.556267 0.55704 0.541885 0.558919 0.559155 0.545186 0.567995 0.550249 0 0.54833 0.531445 0.550215 0.545718 0.54453
0.536319 0.54725 0.548046 0.549748 0.548377 0.540438 0.543065 0.538132 0.551298 0.531274 0.533082 0.540236 0.562961 0.539347 0.523573 0.538216 0.540777 0.541615 0.546124 0.530218 0.551227 0.545986 0.560821 0.541425 0.552495 0.540791 0.550995 0.561599 0.547819 0.560371 0.539426 0.551106 0.556422 0.548889 0.54833 0 0.552642 0.549377 0.539539 0.559817
0.513019 0.528507 0.523061 0.528233 0.525969 0.531554 0.529656 0.547469 0.537599 0.54088 0.552354 0.511718 0.554363 0.542769 0.536798 0.529424 0.523676 0.555951 0.563067 0.538769 0.546524 0.543209 0.522767 0.545749 0.533495 0.523771 0.536399 0.538994 0.529808 0.529752 0.56424 0.531183 0.565772 0.548713 0.531445 0.552642 0 0.527323 0.531185 0.531642
0.536763 0.546872 0.54079 0.539576 0.54274 0.527155 0.543733 0.545259 0.531529 0.531001 0.531947 0.529318 0.548799 0.547035 0.533391 0.527585 0.534008 0.539634 0.54323 0.544973 0.558032 0.559945 0.539447 0.543696 0.549523 0.543497 0.555564 0.565865 0.557274 0.550176 0.551458 0.556659 0.554203 0.544801 0.550215 0.549377 0.527323 0 0.535471 0.552051
0.534165 0.540527 0.542628 0.522457 0.538168 0.524935 0.537295 0.544052 0.544882 0.529889 0.531984 0.520201 0.544367 0.534127 0.540671 0.523848 0.53788 0.53877 0.542345 0.529924 0.530812 0.54425 0.543419 0.536808 0.551401 0.546643 0.54675 0.563735 0.554515 0.550228 0.539632 0.541622 0.543135 0.547429 0.545718 0.539539 0.531185 0.535471 0 0.54324
0.541917 0.53663 0.536767 0.533682 0.535403 0.537087 0.526877 0.543168 0.547519 0.53302 0.550463 0.526839 0.549446 0.548711 0.541671 0.537234 0.536332 0.547054 0.552657 0.541769 0.554289 0.552709 0.547832 0.549665 0.548651 0.538678 0.545501 0.560928 0.550916 0.554651 0.550744 0.555651 0.556901 0.541579 0.54453 0.559817 0.531642 0.552051 0.54324 0
