0 0.575179 0.394517 0.616945 0.378282 0.630072 0.380421 0.706587 0.65233 0.606715 1.541219 0.348449 1.526818 0.630383 0.635603 0.605483 0.330539 1.4642 1.54491 0.559666 0.715137 0.54112 0.414779 0.777116 0.43385 0.574493 0.800478 0.558999 0.513126 0.569726 1.50298 0.418605 1.426923 0.53856 0.389716 0.57455 0.287247 0.674613 0.57211 0.613826
0.575179 0 0.649583 0.349642 0.644391 0.424821 0.722429 0.449102 0.401434 0.419664 0.829152 0.645585 0.809297 0.424641 0.444444 0.387366 0.701796 0.78401 0.840719 0.479714 0.606675 0.702026 0.696067 0.574493 0.692491 0.787843 0.574671 0.756853 0.819809 0.733015 0.778308 0.731266 0.791026 0.390746 0.668471 0.433162 0.54112 0.492253 0.405244 0.38975
0.394517 0.649583 0 0.656734 0.193087 0.644815 0.256188 0.820574 0.624105 0.631138 1.662291 0.247914 1.664286 0.738351 0.622912 0.627381 0.2811 1.67938 1.629187 0.562574 0.896429 0.609524 0.435714 0.909524 0.409524 0.384524 0.998807 0.6 0.589988 0.50119 1.619048 0.336774 1.636364 0.663671 0.297297 0.646983 0.294048 0.622619 0.644048 0.554762
0.616945 0.349642 0.656734 0 0.631265 0.393795 0.70632 0.505389 0.410992 0.390887 0.796894 0.655131 0.8677 0.430622 0.427718 0.438617 0.670659 0.830549 0.850299 0.403341 0.671037 0.741359 0.702026 0.564958 0.719905 0.787843 0.600956 0.822408 0.908115 0.758045 0.786651 0.662791 0.812821 0.424904 0.633288 0.449871 0.576877 0.462455 0.446961 0.430274
0.378282 0.644391 0.193087 0.631265 0 0.630072 0.247831 0.851497 0.621266 0.63789 1.74313 0.282816 1.690107 0.714115 0.661888 0.676996 0.298204 1.72315 1.692216 0.602625 0.878427 0.536353 0.43385 0.921335 0.390942 0.373063 0.996416 0.595948 0.616945 0.407628 1.697259 0.287742 1.676923 0.6491 0.32341 0.66838 0.25149 0.672229 0.642431 0.582837
0.630072 0.424821 0.644815 0.393795 0.630072 0 0.636927 0.486228 0.409797 0.464029 0.843489 0.681384 0.848629 0.405502 0.39546 0.392133 0.65988 0.855609 0.792814 0.378282 0.618594 0.697259 0.629321 0.553039 0.734207 0.667461 0.615293 0.811681 0.889021 0.828367 0.816448 0.717054 0.802564 0.388175 0.653586 0.504493 0.567342 0.396901 0.393325 0.43385
0.380421 0.722429 0.256188 0.70632 0.247831 0.636927 0 0.855721 0.602978 0.663761 1.698511 0.254027 1.690594 0.722981 0.709677 0.657178 0.252488 1.718711 1.672886 0.562577 0.860149 0.689356 0.464109 0.954208 0.47401 0.424505 1.038462 0.694307 0.686881 0.555693 1.704208 0.352318 1.666222 0.623169 0.336146 0.68 0.32302 0.675743 0.649752 0.566832
0.706587 0.449102 0.820574 0.505389 0.851497 0.486228 0.855721 0 0.404077 0.440433 0.681055 0.767665 0.618421 0.417767 0.510791 0.490431 0.877404 0.638323 0.606971 0.419162 0.583732 0.966507 0.979665 0.504785 0.897129 1.028708 0.613909 1.009569 0.965269 0.978469 0.528708 0.867704 0.615187 0.40129 0.807065 0.443299 0.751196 0.51555 0.438995 0.473684
0.65233 0.401434 0.624105 0.410992 0.621266 0.409797 0.602978 0.404077 0 0.345738 0.754785 0.583035 0.785203 0.407186 0.454545 0.379475 0.659472 0.805257 0.752998 0.377539 0.579952 0.791169 0.76611 0.533413 0.738663 0.789976 0.62799 0.900955 0.856631 0.789976 0.763723 0.693402 0.72914 0.357326 0.646341 0.442728 0.608592 0.415274 0.396181 0.348449
0.606715 0.419664 0.631138 0.390887 0.63789 0.464029 0.663761 0.440433 0.345738 0 0.782713 0.600719 0.748503 0.528846 0.512605 0.441916 0.645006 0.842926 0.827918 0.43765 0.620359 0.802395 0.778443 0.594012 0.790419 0.817964 0.669868 0.91976 0.893285 0.803593 0.802395 0.683117 0.833977 0.395109 0.620408 0.481912 0.578443 0.481437 0.428743 0.37006
1.541219 0.829152 1.662291 0.796894 1.74313 0.843489 1.698511 0.681055 0.754785 0.782713 0 1.635603 0.426014 0.813174 0.797847 0.739857 1.683453 0.498208 0.378897 0.769415 1.011933 1.717184 1.750597 0.78401 1.710024 1.840095 0.924641 1.834129 1.899642 1.787589 0.392601 1.694696 0.445443 0.756757 1.506775 0.849421 1.625298 0.747017 0.866348 0.807876
0.348449 0.645585 0.247914 0.655131 0.282816 0.681384 0.254027 0.767665 0.583035 0.600719 1.635603 0 1.617402 0.75 0.673835 0.622169 0.31497 1.619332 1.638323 0.578759 0.818832 0.613826 0.481526 0.858164 0.435042 0.456496 0.983274 0.600715 0.519093 0.512515 1.588796 0.346253 1.578205 0.601542 0.326116 0.61054 0.349225 0.696067 0.623361 0.535161
1.526818 0.809297 1.664286 0.8677 1.690107 0.848629 1.690594 0.618421 0.785203 0.748503 0.426014 1.617402 0 0.800478 0.883055 0.75119 1.705742 0.495828 0.462919 0.873659 0.89881 1.704762 1.714286 0.792857 1.733333 1.813095 0.880668 1.733333 1.749702 1.75119 0.409524 1.689032 0.495519 0.766367 1.587838 0.879332 1.567857 0.782143 0.789286 0.807143
0.630383 0.424641 0.738351 0.430622 0.714115 0.405502 0.722981 0.417767 0.407186 0.528846 0.813174 0.75 0.800478 0 0.449102 0.438471 0.747899 0.773923 0.79952 0.478469 0.522103 0.76583 0.692951 0.505376 0.76583 0.761051 0.470659 0.825568 0.883971 0.832736 0.74313 0.742561 0.718509 0.439589 0.729986 0.42268 0.647551 0.455197 0.409797 0.454002
0.635603 0.444444 0.622912 0.427718 0.661888 0.39546 0.709677 0.510791 0.454545 0.512605 0.797847 0.673835 0.883055 0.449102 0 0.472554 0.648681 0.88411 0.851319 0.371565 0.655131 0.76253 0.73031 0.538186 0.676611 0.803103 0.711722 0.891408 0.941458 0.815036 0.761337 0.659767 0.856226 0.339332 0.51626 0.406692 0.607399 0.369928 0.484487 0.399761
0.605483 0.387366 0.627381 0.438617 0.676996 0.392133 0.657178 0.490431 0.379475 0.441916 0.739857 0.622169 0.75119 0.438471 0.472554 0 0.663876 0.765197 0.76555 0.387366 0.547619 0.786905 0.667857 0.54881 0.746429 0.759524 0.571599 0.80119 0.847437 0.8 0.753571 0.717419 0.720871 0.408216 0.671622 0.501926 0.607143 0.352381 0.388095 0.375
0.330539 0.701796 0.2811 0.670659 0.298204 0.65988 0.252488 0.877404 0.659472 0.645006 1.683453 0.31497 1.705742 0.747899 0.648681 0.663876 0 1.702994 1.707933 0.529341 0.889952 0.661483 0.458134 0.892344 0.429426 0.489234 1.047962 0.703349 0.622754 0.598086 1.650718 0.294423 1.693694 0.590968 0.280108 0.703608 0.328947 0.691388 0.657895 0.568182
1.4642 0.78401 1.67938 0.830549 1.72315 0.855609 1.718711 0.638323 0.805257 0.842926 0.498208 1.619332 0.495828 0.773923 0.88411 0.765197 1.702994 0 0.564072 0.846062 0.928486 1.649583 1.65435 0.772348 1.711561 1.802145 0.832736 1.666269 1.73747 1.730632 0.362336 1.748062 0.374359 0.813625 1.540541 0.840617 1.563766 0.824791 0.761621 0.811681
1.54491 0.840719 1.629187 0.850299 1.692216 0.792814 1.672886 0.606971 0.752998 0.827918 0.378897 1.638323 0.462919 0.79952 0.851319 0.76555 1.707933 0.564072 0 0.791617 1.020335 1.677033 1.740431 0.834928 1.705742 1.820574 0.940048 1.794258 1.897006 1.759569 0.40311 1.677461 0.445302 0.796129 1.55751 0.891613 1.565789 0.738038 0.799043 0.905502
0.559666 0.479714 0.562574 0.403341 0.602625 0.378282 0.562577 0.419162 0.377539 0.43765 0.769415 0.578759 0.873659 0.478469 0.371565 0.387366 0.529341 0.846062 0.791617 0 0.606675 0.731824 0.707986 0.564958 0.66031 0.744934 0.646356 0.874851 0.875895 0.77354 0.808105 0.587097 0.789744 0.322622 0.542625 0.40874 0.544696 0.35876 0.387366 0.344458
0.715137 0.606675 0.896429 0.671037 0.878427 0.618594 0.860149 0.583732 0.579952 0.620359 1.011933 0.818832 0.89881 0.522103 0.655131 0.547619 0.889952 0.928486 1.020335 0.606675 0 0.758333 0.708333 0.517857 0.765476 0.830952 0.448687 0.736905 0.690107 0.928571 0.955952 0.938065 0.886044 0.57638 0.887838 0.495507 0.77381 0.669048 0.547619 0.560714
0.54112 0.702026 0.609524 0.741359 0.536353 0.697259 0.689356 0.966507 0.791169 0.802395 1.717184 0.613826 1.704762 0.76583 0.76253 0.786905 0.661483 1.649583 1.677033 0.731824 0.758333 0 0.404762 0.833333 0.385714 0.505952 0.671838 0.409524 0.530393 0.415476 1.704762 0.578065 1.610755 0.767651 0.610811 0.770218 0.472619 0.917857 0.784524 0.816667
0.414779 0.696067 0.435714 0.702026 0.43385 0.629321 0.464109 0.979665 0.76611 0.778443 1.750597 0.481526 1.714286 0.692951 0.73031 0.667857 0.458134 1.65435 1.740431 0.707986 0.708333 0.404762 0 0.77381 0.383333 0.377381 0.747017 0.42619 0.492253 0.470238 1.72619 0.532903 1.631242 0.762516 0.489189 0.740693 0.40119 0.779762 0.765476 0.702381
0.777116 0.574493 0.909524 0.564958 0.921335 0.553039 0.954208 0.504785 0.533413 0.594012 0.78401 0.858164 0.792857 0.505376 0.538186 0.54881 0.892344 0.772348 0.834928 0.564958 0.517857 0.833333 0.77381 0 0.695238 0.908333 0.430788 0.814286 0.853397 0.860714 0.780952 0.963871 0.774648 0.564827 0.822973 0.494223 0.84881 0.641667 0.577381 0.535714
0.43385 0.692491 0.409524 0.719905 0.390942 0.734207 0.47401 0.897129 0.738663 0.790419 1.710024 0.435042 1.733333 0.76583 0.676611 0.746429 0.429426 1.711561 1.705742 0.66031 0.765476 0.385714 0.383333 0.695238 0 0.465476 0.74463 0.402381 0.475566 0.353571 1.685714 0.430968 1.654289 0.70475 0.437838 0.631579 0.40119 0.808333 0.720238 0.711905
0.574493 0.787843 0.384524 0.787843 0.373063 0.667461 0.424505 1.028708 0.789976 0.817964 1.840095 0.456496 1.813095 0.761051 0.803103 0.759524 0.489234 1.802145 1.820574 0.744934 0.830952 0.505952 0.377381 0.908333 0.465476 0 0.861575 0.505952 0.510131 0.478571 1.825 0.522581 1.763124 0.804878 0.568919 0.829268 0.45 0.869048 0.795238 0.734524
0.800478 0.574671 0.998807 0.600956 0.996416 0.615293 1.038462 0.613909 0.62799 0.669868 0.924641 0.983274 0.880668 0.470659 0.711722 0.571599 1.047962 0.832736 0.940048 0.646356 0.448687 0.671838 0.747017 0.430788 0.74463 0.861575 0 0.717184 0.844683 0.804296 0.931981 0.976714 0.817715 0.66838 1.017591 0.541828 0.844869 0.72673 0.621718 0.695704
0.558999 0.756853 0.6 0.822408 0.595948 0.811681 0.694307 1.009569 0.900955 0.91976 1.834129 0.600715 1.733333 0.825568 0.891408 0.80119 0.703349 1.666269 1.794258 0.874851 0.736905 0.409524 0.42619 0.814286 0.402381 0.505952 0.717184 0 0.373063 0.446429 1.735714 0.700645 1.702945 0.851091 0.625676 0.843389 0.553571 0.963095 0.853571 0.852381
0.513126 0.819809 0.589988 0.908115 0.616945 0.889021 0.686881 0.965269 0.856631 0.893285 1.899642 0.519093 1.749702 0.883971 0.941458 0.847437 0.622754 1.73747 1.897006 0.875895 0.690107 0.530393 0.492253 0.853397 0.475566 0.510131 0.844683 0.373063 0 0.562574 1.749702 0.675711 1.755128 0.847044 0.645467 0.832905 0.543504 0.997616 0.851013 0.824791
0.569726 0.733015 0.50119 0.758045 0.407628 0.828367 0.555693 0.978469 0.789976 0.803593 1.787589 0.512515 1.75119 0.832736 0.815036 0.8 0.598086 1.730632 1.759569 0.77354 0.928571 0.415476 0.470238 0.860714 0.353571 0.478571 0.804296 0.446429 0.562574 0 1.767857 0.517419 1.729834 0.81258 0.571622 0.804878 0.480952 0.895238 0.840476 0.784524
1.50298 0.778308 1.619048 0.786651 1.697259 0.816448 1.704208 0.528708 0.763723 0.802395 0.392601 1.588796 0.409524 0.74313 0.761337 0.753571 1.650718 0.362336 0.40311 0.808105 0.955952 1.704762 1.72619 0.780952 1.685714 1.825 0.931981 1.735714 1.749702 1.767857 0 1.699355 0.431498 0.70475 1.491892 0.77792 1.570238 0.813095 0.777381 0.761905
0.418605 0.731266 0.336774 0.662791 0.287742 0.717054 0.352318 0.867704 0.693402 0.683117 1.694696 0.346253 1.689032 0.742561 0.659767 0.717419 0.294423 1.748062 1.677461 0.587097 0.938065 0.578065 0.532903 0.963871 0.430968 0.522581 0.976714 0.700645 0.675711 0.517419 1.699355 0 1.696927 0.607843 0.392593 0.659664 0.291613 0.729032 0.656774 0.663226
1.426923 0.791026 1.636364 0.812821 1.676923 0.802564 1.666222 0.615187 0.72914 0.833977 0.445443 1.578205 0.495519 0.718509 0.856226 0.720871 1.693694 0.374359 0.445302 0.789744 0.886044 1.610755 1.631242 0.774648 1.654289 1.763124 0.817715 1.702945 1.755128 1.729834 0.431498 1.696927 0 0.7625 1.54185 0.822222 1.526248 0.713188 0.769526 0.798976
0.53856 0.390746 0.663671 0.424904 0.6491 0.388175 0.623169 0.40129 0.357326 0.395109 0.756757 0.601542 0.766367 0.439589 0.339332 0.408216 0.590968 0.813625 0.796129 0.322622 0.57638 0.767651 0.762516 0.564827 0.70475 0.804878 0.66838 0.851091 0.847044 0.81258 0.70475 0.607843 0.7625 0 0.56701 0.389972 0.591784 0.432606 0.377407 0.349166
0.389716 0.668471 0.297297 0.633288 0.32341 0.653586 0.336146 0.807065 0.646341 0.620408 1.506775 0.326116 1.587838 0.729986 0.51626 0.671622 0.280108 1.540541 1.55751 0.542625 0.887838 0.610811 0.489189 0.822973 0.437838 0.568919 1.017591 0.625676 0.645467 0.571622 1.491892 0.392593 1.54185 0.56701 0 0.643594 0.324324 0.606757 0.643243 0.524324
0.57455 0.433162 0.646983 0.449871 0.66838 0.504493 0.68 0.443299 0.442728 0.481912 0.849421 0.61054 0.879332 0.42268 0.406692 0.501926 0.703608 0.840617 0.891613 0.40874 0.495507 0.770218 0.740693 0.494223 0.631579 0.829268 0.541828 0.843389 0.832905 0.804878 0.77792 0.659664 0.822222 0.389972 0.643594 0 0.640565 0.421053 0.390244 0.415918
0.287247 0.54112 0.294048 0.576877 0.25149 0.567342 0.32302 0.751196 0.608592 0.578443 1.625298 0.349225 1.567857 0.647551 0.607399 0.607143 0.328947 1.563766 1.565789 0.544696 0.77381 0.472619 0.40119 0.84881 0.40119 0.45 0.844869 0.553571 0.543504 0.480952 1.570238 0.291613 1.526248 0.591784 0.324324 0.640565 0 0.642857 0.597619 0.534524
0.674613 0.492253 0.622619 0.462455 0.672229 0.396901 0.675743 0.51555 0.415274 0.481437 0.747017 0.696067 0.782143 0.455197 0.369928 0.352381 0.691388 0.824791 0.738038 0.35876 0.669048 0.917857 0.779762 0.641667 0.808333 0.869048 0.72673 0.963095 0.997616 0.895238 0.813095 0.729032 0.713188 0.432606 0.606757 0.421053 0.642857 0 0.419048 0.360714
0.57211 0.405244 0.644048 0.446961 0.642431 0.393325 0.649752 0.438995 0.396181 0.428743 0.866348 0.623361 0.789286 0.409797 0.484487 0.388095 0.657895 0.761621 0.799043 0.387366 0.547619 0.784524 0.765476 0.577381 0.720238 0.795238 0.621718 0.853571 0.851013 0.840476 0.777381 0.656774 0.769526 0.377407 0.643243 0.390244 0.597619 0.419048 0 0.413095
0.613826 0.38975 0.554762 0.430274 0.582837 0.43385 0.566832 0.473684 0.348449 0.37006 0.807876 0.535161 0.807143 0.454002 0.399761 0.375 0.568182 0.811681 0.905502 0.344458 0.560714 0.816667 0.702381 0.535714 0.711905 0.734524 0.695704 0.852381 0.824791 0.784524 0.761905 0.663226 0.798976 0.349166 0.524324 0.415918 0.534524 0.360714 0.413095 0
