0 0.572566 0.546727 0.554632 0.568139 0.565211 0.524738 0.582758 0.554713 0.558244 0.565219 0.552834 0.560454 0.564583 0.564676 0.551355 0.538107 0.553676 0.567208 0.557348 0.538507 0.573688 0.559237 0.555735 0.53275 0.543671 0.584619 0.549673 0.558329 0.579377 0.551985 0.587943 0.564662 0.562433 0.572412 0.568276 0.568604 0.56206 0.537962 0.563752 0.580383 0.5662 0.562882 0.559512 0.570317 0.556456 0.567981 0.558561 0.560758 0.560638 0.556379 0.582363 0.539851 0.566057 0.578749 0.559482 0.575077 0.548673 0.555 0.559933
0.572566 0 0.54805 0.548458 0.556829 0.552211 0.505338 0.561519 0.544454 0.549641 0.540807 0.553481 0.547073 0.540924 0.544973 0.540065 0.52272 0.555133 0.568726 0.551464 0.542432 0.541723 0.57431 0.54011 0.525926 0.534533 0.540826 0.55618 0.550216 0.542473 0.547741 0.54744 0.546851 0.545773 0.552774 0.542392 0.546885 0.537446 0.539151 0.551625 0.568728 0.545787 0.559174 0.553235 0.567817 0.562799 0.554141 0.556376 0.5604 0.580988 0.548781 0.551689 0.564132 0.570633 0.558879 0.554964 0.5536 0.566544 0.551786 0.559752
0.546727 0.54805 0 0.550942 0.562694 0.561476 0.513309 0.574376 0.551228 0.567272 0.564608 0.55593 0.565357 0.556684 0.568067 0.549035 0.537872 0.559512 0.556717 0.550153 0.526293 0.552968 0.556113 0.559791 0.538237 0.549034 0.577034 0.558801 0.544478 0.554339 0.558306 0.569767 0.555785 0.539661 0.565856 0.578211 0.579837 0.545832 0.529083 0.555925 0.571073 0.56937 0.555831 0.552134 0.575441 0.55769 0.560581 0.553432 0.550902 0.55005 0.556016 0.580156 0.533737 0.564784 0.585996 0.561103 0.568741 0.561092 0.543759 0.557063
0.554632 0.548458 0.550942 0 0.577167 0.545541 0.511926 0.57598 0.552039 0.56188 0.551333 0.551459 0.572162 0.554702 0.563348 0.539059 0.532633 0.551459 0.555479 0.551569 0.527587 0.557032 0.540302 0.539122 0.532426 0.532049 0.577004 0.557118 0.559468 0.550658 0.547752 0.563639 0.550259 0.53926 0.556212 0.573653 0.564256 0.561591 0.538817 0.552016 0.570701 0.562313 0.568271 0.554469 0.569796 0.554845 0.541146 0.549302 0.558633 0.563953 0.534389 0.574797 0.525421 0.549887 0.571586 0.554771 0.557465 0.553041 0.547128 0.553722
0.568139 0.556829 0.562694 0.577167 0 0.562121 0.524289 0.563799 0.569278 0.552081 0.562049 0.562742 0.558039 0.542372 0.55918 0.548509 0.53192 0.559663 0.556017 0.570324 0.556931 0.55498 0.578831 0.551266 0.540515 0.548096 0.573507 0.568892 0.5634 0.556034 0.580125 0.55785 0.569133 0.54907 0.5607 0.557734 0.559662 0.556079 0.558237 0.550046 0.564173 0.575396 0.56287 0.568453 0.564883 0.554702 0.557922 0.557006 0.573214 0.571068 0.573757 0.566437 0.559948 0.556265 0.5633 0.552771 0.551767 0.571211 0.54961 0.563545
0.565211 0.552211 0.561476 0.545541 0.562121 0 0.508932 0.568402 0.546491 0.548612 0.544543 0.557118 0.55414 0.550113 0.552507 0.548421 0.521431 0.54383 0.565699 0.554039 0.544487 0.540934 0.567406 0.547201 0.533886 0.532639 0.551065 0.568325 0.546724 0.542097 0.55547 0.550945 0.553014 0.547036 0.548589 0.553584 0.551709 0.554647 0.536991 0.552362 0.577492 0.546934 0.564945 0.553714 0.547069 0.554717 0.527422 0.56713 0.564376 0.566304 0.554979 0.550951 0.552778 0.553636 0.566218 0.546192 0.546516 0.561346 0.559037 0.556638
0.524738 0.505338 0.513309 0.511926 0.524289 0.508932 0 0.534455 0.521667 0.519233 0.505228 0.512167 0.509226 0.516824 0.517745 0.511791 0.475971 0.5172 0.518633 0.515436 0.508673 0.510086 0.522182 0.513409 0.494043 0.50415 0.518726 0.523135 0.534998 0.509561 0.520704 0.515951 0.517179 0.514803 0.512461 0.520834 0.512748 0.521469 0.486037 0.521411 0.537814 0.51939 0.515299 0.529085 0.526311 0.512477 0.501393 0.513528 0.530003 0.539266 0.523164 0.509195 0.498788 0.521568 0.523202 0.520139 0.509747 0.520173 0.507017 0.523501
0.582758 0.561519 0.574376 0.57598 0.563799 0.568402 0.534455 0 0.588029 0.569479 0.554309 0.569207 0.534834 0.567282 0.549131 0.558624 0.526245 0.562514 0.568205 0.581457 0.576331 0.532605 0.581977 0.574996 0.532655 0.548983 0.551872 0.587676 0.588167 0.571286 0.56576 0.553162 0.587143 0.562345 0.567892 0.566844 0.560508 0.569551 0.567119 0.557297 0.58373 0.569321 0.563363 0.580699 0.551136 0.566777 0.552382 0.565664 0.585206 0.602613 0.598291 0.566758 0.582739 0.560161 0.568231 0.571521 0.564233 0.578566 0.568544 0.555
0.554713 0.544454 0.551228 0.552039 0.569278 0.546491 0.521667 0.588029 0 0.558486 0.566966 0.553 0.553687 0.549438 0.55871 0.54479 0.552738 0.552222 0.566579 0.560677 0.531551 0.55625 0.562359 0.557629 0.554415 0.544509 0.571021 0.555471 0.554799 0.565099 0.571936 0.574935 0.564438 0.556126 0.558593 0.567436 0.570325 0.565475 0.530951 0.551045 0.578445 0.560615 0.561069 0.556075 0.56378 0.558213 0.562133 0.559948 0.565836 0.5736 0.549897 0.592195 0.539284 0.561614 0.587171 0.557742 0.573025 0.562757 0.541349 0.56186
0.558244 0.549641 0.567272 0.56188 0.552081 0.548612 0.519233 0.569479 0.558486 0 0.556746 0.532819 0.543483 0.544647 0.56135 0.542235 0.518354 0.546164 0.560495 0.5516 0.547214 0.543936 0.571192 0.544833 0.529274 0.550282 0.565509 0.563639 0.549794 0.548818 0.56853 0.558726 0.563592 0.544346 0.557158 0.553112 0.543178 0.554826 0.542517 0.543478 0.562516 0.560222 0.548482 0.574179 0.55929 0.559724 0.551893 0.556001 0.549171 0.567777 0.545747 0.560857 0.543044 0.553669 0.561666 0.556934 0.552358 0.560223 0.550921 0.560962
0.565219 0.540807 0.564608 0.551333 0.562049 0.544543 0.505228 0.554309 0.566966 0.556746 0 0.547437 0.539452 0.538659 0.540924 0.533309 0.519351 0.540894 0.557651 0.541938 0.543836 0.531936 0.569268 0.544894 0.513868 0.528652 0.542887 0.562739 0.549058 0.544221 0.551677 0.54997 0.562959 0.544936 0.55945 0.553947 0.550874 0.539064 0.543369 0.557127 0.555718 0.54743 0.553264 0.551907 0.537232 0.554099 0.546499 0.552755 0.567977 0.574227 0.560734 0.55328 0.550319 0.552691 0.56602 0.549455 0.534616 0.55233 0.546471 0.548299
0.552834 0.553481 0.55593 0.551459 0.562742 0.557118 0.512167 0.569207 0.553 0.532819 0.547437 0 0.543913 0.542258 0.54133 0.547958 0.519213 0.537781 0.557109 0.561935 0.552378 0.549016 0.557788 0.557404 0.520136 0.542347 0.563424 0.545111 0.551796 0.560934 0.555772 0.54991 0.553839 0.547743 0.553438 0.548128 0.554952 0.547452 0.53677 0.551101 0.561378 0.554975 0.557464 0.554785 0.546755 0.555895 0.540099 0.555846 0.560402 0.556696 0.552579 0.564669 0.538722 0.551988 0.568387 0.559376 0.546561 0.559997 0.558488 0.548274
0.560454 0.547073 0.565357 0.572162 0.558039 0.55414 0.509226 0.534834 0.553687 0.543483 0.539452 0.543913 0 0.548945 0.515717 0.535674 0.501384 0.552672 0.558163 0.565554 0.560876 0.518379 0.575195 0.546159 0.524211 0.540812 0.544864 0.569441 0.563833 0.535069 0.547302 0.539154 0.553263 0.543177 0.553597 0.543574 0.538796 0.546445 0.550431 0.542776 0.568027 0.558521 0.546822 0.563661 0.541998 0.562436 0.536442 0.551201 0.569739 0.57833 0.56558 0.548413 0.552636 0.551405 0.552532 0.561512 0.544853 0.559539 0.559627 0.549931
0.564583 0.540924 0.556684 0.554702 0.542372 0.550113 0.516824 0.567282 0.549438 0.544647 0.538659 0.542258 0.548945 0 0.554455 0.536866 0.529346 0.546248 0.553572 0.550807 0.555644 0.555064 0.569677 0.550548 0.535193 0.543516 0.555815 0.546065 0.560221 0.545537 0.55396 0.557329 0.556901 0.554539 0.561091 0.564422 0.539561 0.549682 0.531428 0.553656 0.574698 0.560035 0.556377 0.558456 0.553654 0.555382 0.552358 0.557541 0.565474 0.567249 0.55716 0.571564 0.540622 0.542249 0.57098 0.556893 0.539207 0.553186 0.546879 0.540317
0.564676 0.544973 0.568067 0.563348 0.55918 0.552507 0.517745 0.549131 0.55871 0.56135 0.540924 0.54133 0.515717 0.554455 0 0.529139 0.498965 0.550045 0.548879 0.55322 0.56956 0.523085 0.580298 0.551602 0.524365 0.533566 0.551624 0.561597 0.565503 0.542558 0.565184 0.548988 0.559225 0.544847 0.566467 0.543014 0.527792 0.562346 0.550849 0.54798 0.54462 0.55543 0.564546 0.561159 0.543732 0.553816 0.544155 0.551774 0.574987 0.5832 0.559613 0.552332 0.55642 0.54008 0.535035 0.558085 0.540415 0.550183 0.547462 0.536455
0.551355 0.540065 0.549035 0.539059 0.548509 0.548421 0.511791 0.558624 0.54479 0.542235 0.533309 0.547958 0.535674 0.536866 0.529139 0 0.507479 0.538151 0.5491 0.56471 0.545154 0.536031 0.555316 0.541226 0.531678 0.53525 0.549838 0.54829 0.547615 0.538785 0.552076 0.546206 0.554857 0.535117 0.545766 0.54976 0.53157 0.543577 0.534026 0.546353 0.55818 0.54936 0.546299 0.552262 0.557157 0.55005 0.545779 0.540492 0.555112 0.560463 0.550451 0.544227 0.538602 0.546268 0.548593 0.549642 0.544862 0.533592 0.533022 0.543361
0.538107 0.52272 0.537872 0.532633 0.53192 0.521431 0.475971 0.526245 0.552738 0.518354 0.519351 0.519213 0.501384 0.529346 0.498965 0.507479 0 0.515528 0.532633 0.524532 0.53061 0.512488 0.545254 0.519953 0.496459 0.512894 0.511846 0.541082 0.537541 0.522116 0.529589 0.522262 0.531744 0.503418 0.526708 0.52317 0.508213 0.516209 0.510288 0.526545 0.520082 0.533561 0.53041 0.525943 0.522905 0.517618 0.522318 0.522866 0.540908 0.551204 0.52787 0.528761 0.517054 0.525204 0.529346 0.518677 0.519601 0.5328 0.518794 0.507975
0.553676 0.555133 0.559512 0.551459 0.559663 0.54383 0.5172 0.562514 0.552222 0.546164 0.540894 0.537781 0.552672 0.546248 0.550045 0.538151 0.515528 0 0.549091 0.568289 0.548794 0.530622 0.560037 0.550261 0.533153 0.54096 0.559243 0.553073 0.556417 0.548378 0.553944 0.558004 0.560216 0.546961 0.546668 0.559263 0.54533 0.544265 0.538059 0.556121 0.562916 0.55356 0.553098 0.553071 0.545325 0.548197 0.554402 0.547454 0.554192 0.576273 0.549169 0.551932 0.538407 0.559573 0.55981 0.551917 0.558429 0.553526 0.550005 0.554791
0.567208 0.568726 0.556717 0.555479 0.556017 0.565699 0.518633 0.568205 0.566579 0.560495 0.557651 0.557109 0.558163 0.553572 0.548879 0.5491 0.532633 0.549091 0 0.55467 0.553569 0.548666 0.565433 0.56085 0.551221 0.54979 0.55279 0.56537 0.550899 0.54546 0.549362 0.544117 0.569958 0.551333 0.557929 0.565722 0.552632 0.547991 0.542315 0.55772 0.567293 0.567938 0.565641 0.558139 0.553154 0.538249 0.564193 0.556644 0.574736 0.581938 0.55984 0.562635 0.543568 0.552736 0.567088 0.565372 0.553014 0.548365 0.551787 0.561513
0.557348 0.551464 0.550153 0.551569 0.570324 0.554039 0.515436 0.581457 0.560677 0.5516 0.541938 0.561935 0.565554 0.550807 0.55322 0.56471 0.524532 0.568289 0.55467 0 0.536107 0.553074 0.567479 0.550264 0.518843 0.555987 0.562369 0.55562 0.552498 0.556018 0.571009 0.562301 0.558553 0.526316 0.564778 0.564459 0.560901 0.559272 0.547238 0.567636 0.572456 0.550105 0.57059 0.553041 0.546973 0.551475 0.562817 0.558332 0.572695 0.566922 0.562439 0.590952 0.533419 0.556023 0.561568 0.549109 0.560563 0.547141 0.5518 0.555589
0.538507 0.542432 0.526293 0.527587 0.556931 0.544487 0.508673 0.576331 0.531551 0.547214 0.543836 0.552378 0.560876 0.555644 0.56956 0.545154 0.53061 0.548794 0.553569 0.536107 0 0.558687 0.548598 0.553265 0.529603 0.541075 0.562719 0.537323 0.544201 0.545643 0.549964 0.561607 0.557008 0.519195 0.560386 0.566886 0.552568 0.544826 0.514621 0.550668 0.567803 0.550928 0.555026 0.54125 0.570228 0.545188 0.544449 0.552452 0.555374 0.551568 0.535559 0.579876 0.526756 0.546202 0.57501 0.543001 0.568916 0.546214 0.548779 0.561266
0.573688 0.541723 0.552968 0.557032 0.55498 0.540934 0.510086 0.532605 0.55625 0.543936 0.531936 0.549016 0.518379 0.555064 0.523085 0.536031 0.512488 0.530622 0.548666 0.553074 0.558687 0 0.57633 0.544768 0.53298 0.533207 0.541532 0.572193 0.558968 0.538919 0.555548 0.540481 0.570258 0.538994 0.553414 0.545667 0.52692 0.553041 0.531568 0.555107 0.563897 0.560295 0.550355 0.557825 0.536803 0.535549 0.539497 0.560384 0.586864 0.579071 0.568138 0.541829 0.552391 0.544413 0.543639 0.546103 0.537509 0.543415 0.533246 0.540949
0.559237 0.57431 0.556113 0.540302 0.578831 0.567406 0.522182 0.581977 0.562359 0.571192 0.569268 0.557788 0.575195 0.569677 0.580298 0.555316 0.545254 0.560037 0.565433 0.567479 0.548598 0.57633 0 0.566832 0.535705 0.555961 0.579132 0.563124 0.546483 0.569583 0.565012 0.567522 0.556605 0.54616 0.57885 0.576559 0.576513 0.56679 0.545804 0.562188 0.584968 0.561614 0.570087 0.550308 0.573092 0.564847 0.5714 0.556267 0.558195 0.56137 0.559156 0.582349 0.55008 0.568642 0.585979 0.577956 0.574689 0.56457 0.554687 0.55649
0.555735 0.54011 0.559791 0.539122 0.551266 0.547201 0.513409 0.574996 0.557629 0.544833 0.544894 0.557404 0.546159 0.550548 0.551602 0.541226 0.519953 0.550261 0.56085 0.550264 0.553265 0.544768 0.566832 0 0.539099 0.536587 0.571065 0.558231 0.559934 0.549072 0.557135 0.55984 0.54729 0.55261 0.54033 0.55556 0.555215 0.558443 0.535063 0.560987 0.566382 0.55832 0.564568 0.561748 0.550495 0.554944 0.54652 0.549901 0.557566 0.572276 0.557737 0.564027 0.543504 0.552113 0.565226 0.558612 0.565761 0.567184 0.555253 0.568187
0.53275 0.525926 0.538237 0.532426 0.540515 0.533886 0.494043 0.532655 0.554415 0.529274 0.513868 0.520136 0.524211 0.535193 0.524365 0.531678 0.496459 0.533153 0.551221 0.518843 0.529603 0.53298 0.535705 0.539099 0 0.525317 0.539595 0.535395 0.542722 0.527387 0.541038 0.542858 0.535903 0.531519 0.549347 0.539777 0.540722 0.52983 0.524785 0.532688 0.544973 0.532898 0.543773 0.541028 0.522768 0.536854 0.53797 0.531353 0.535955 0.550065 0.537536 0.543118 0.524397 0.531145 0.543944 0.526926 0.537881 0.534684 0.538948 0.540047
0.543671 0.534533 0.549034 0.532049 0.548096 0.532639 0.50415 0.548983 0.544509 0.550282 0.528652 0.542347 0.540812 0.543516 0.533566 0.53525 0.512894 0.54096 0.54979 0.555987 0.541075 0.533207 0.555961 0.536587 0.525317 0 0.549686 0.56035 0.547766 0.530827 0.535761 0.548881 0.563525 0.542537 0.548671 0.550076 0.543581 0.533569 0.537445 0.532432 0.559204 0.545773 0.546832 0.549292 0.547171 0.542037 0.534436 0.555548 0.568094 0.552709 0.5388 0.555178 0.533385 0.546907 0.559132 0.549883 0.548755 0.536616 0.541724 0.543082
0.584619 0.540826 0.577034 0.577004 0.573507 0.551065 0.518726 0.551872 0.571021 0.565509 0.542887 0.563424 0.544864 0.555815 0.551624 0.549838 0.511846 0.559243 0.55279 0.562369 0.562719 0.541532 0.579132 0.571065 0.539595 0.549686 0 0.569191 0.576078 0.538805 0.564526 0.548208 0.577505 0.557735 0.563825 0.533046 0.549232 0.557699 0.559628 0.56005 0.571882 0.5632 0.559394 0.569168 0.535046 0.557458 0.559373 0.566676 0.582387 0.60194 0.567487 0.558967 0.557107 0.545545 0.546714 0.550908 0.546541 0.557907 0.554023 0.546551
0.549673 0.55618 0.558801 0.557118 0.568892 0.568325 0.523135 0.587676 0.555471 0.563639 0.562739 0.545111 0.569441 0.546065 0.561597 0.54829 0.541082 0.553073 0.56537 0.55562 0.537323 0.572193 0.563124 0.558231 0.535395 0.56035 0.569191 0 0.543171 0.568424 0.566799 0.564702 0.554264 0.547361 0.565215 0.572337 0.57172 0.562634 0.5328 0.56436 0.579948 0.563526 0.570485 0.553243 0.575604 0.552369 0.554407 0.570862 0.558313 0.574402 0.558582 0.581877 0.544442 0.55543 0.573749 0.553941 0.576485 0.560112 0.55951 0.567047
0.558329 0.550216 0.544478 0.559468 0.5634 0.546724 0.534998 0.588167 0.554799 0.549794 0.549058 0.551796 0.563833 0.560221 0.565503 0.547615 0.537541 0.556417 0.550899 0.552498 0.544201 0.558968 0.546483 0.559934 0.542722 0.547766 0.576078 0.543171 0 0.56355 0.550515 0.572932 0.552205 0.547637 0.586983 0.576295 0.575133 0.552863 0.536142 0.558256 0.570404 0.562752 0.559375 0.554154 0.572883 0.556984 0.566022 0.570299 0.564884 0.553626 0.54466 0.5779 0.533805 0.563246 0.579824 0.551518 0.580028 0.559507 0.551758 0.561137
0.579377 0.542473 0.554339 0.550658 0.556034 0.542097 0.509561 0.571286 0.565099 0.548818 0.544221 0.560934 0.535069 0.545537 0.542558 0.538785 0.522116 0.548378 0.54546 0.556018 0.545643 0.538919 0.569583 0.549072 0.527387 0.530827 0.538805 0.568424 0.56355 0 0.555142 0.551166 0.550079 0.543784 0.537363 0.543388 0.537562 0.545118 0.535409 0.549179 0.559134 0.543861 0.558038 0.560059 0.545068 0.552119 0.544217 0.565358 0.550073 0.569987 0.542914 0.549827 0.540166 0.535582 0.555418 0.540822 0.549513 0.559646 0.541998 0.558148
0.551985 0.547741 0.558306 0.547752 0.580125 0.55547 0.520704 0.56576 0.571936 0.56853 0.551677 0.555772 0.547302 0.55396 0.565184 0.552076 0.529589 0.553944 0.549362 0.571009 0.549964 0.555548 0.565012 0.557135 0.541038 0.535761 0.564526 0.566799 0.550515 0.555142 0 0.560182 0.556232 0.560068 0.554616 0.560936 0.549425 0.544999 0.544625 0.566478 0.583506 0.570049 0.566429 0.56299 0.567308 0.554778 0.558943 0.558536 0.575252 0.580441 0.556384 0.556409 0.549182 0.566861 0.574484 0.56703 0.564462 0.557979 0.552524 0.55725
0.587943 0.54744 0.569767 0.563639 0.55785 0.550945 0.515951 0.553162 0.574935 0.558726 0.54997 0.54991 0.539154 0.557329 0.548988 0.546206 0.522262 0.558004 0.544117 0.562301 0.561607 0.540481 0.567522 0.55984 0.542858 0.548881 0.548208 0.564702 0.572932 0.551166 0.560182 0 0.578572 0.551364 0.559681 0.555918 0.542722 0.558665 0.552158 0.552995 0.572786 0.55923 0.548724 0.571049 0.541419 0.561847 0.554963 0.558923 0.593796 0.582318 0.572638 0.548196 0.563953 0.549643 0.559522 0.571162 0.539336 0.556459 0.560205 0.554511
0.564662 0.546851 0.555785 0.550259 0.569133 0.553014 0.517179 0.587143 0.564438 0.563592 0.562959 0.553839 0.553263 0.556901 0.559225 0.554857 0.531744 0.560216 0.569958 0.558553 0.557008 0.570258 0.556605 0.54729 0.535903 0.563525 0.577505 0.554264 0.552205 0.550079 0.556232 0.578572 0 0.549632 0.564136 0.57635 0.569078 0.543335 0.528351 0.569574 0.573532 0.548768 0.570992 0.561885 0.579025 0.562652 0.554894 0.560187 0.550562 0.557571 0.529182 0.57959 0.547695 0.571994 0.579362 0.551888 0.554892 0.574212 0.573143 0.551531
0.562433 0.545773 0.539661 0.53926 0.54907 0.547036 0.514803 0.562345 0.556126 0.544346 0.544936 0.547743 0.543177 0.554539 0.544847 0.535117 0.503418 0.546961 0.551333 0.526316 0.519195 0.538994 0.54616 0.55261 0.531519 0.542537 0.557735 0.547361 0.547637 0.543784 0.560068 0.551364 0.549632 0 0.551886 0.549385 0.559371 0.532754 0.525918 0.552502 0.550873 0.548472 0.55177 0.559947 0.551956 0.546209 0.543556 0.544091 0.578405 0.556448 0.539085 0.558993 0.545872 0.558114 0.56916 0.550813 0.541074 0.543404 0.554409 0.546484
0.572412 0.552774 0.565856 0.556212 0.5607 0.548589 0.512461 0.567892 0.558593 0.557158 0.55945 0.553438 0.553597 0.561091 0.566467 0.545766 0.526708 0.546668 0.557929 0.564778 0.560386 0.553414 0.57885 0.54033 0.549347 0.548671 0.563825 0.565215 0.586983 0.537363 0.554616 0.559681 0.564136 0.551886 0 0.564092 0.571799 0.55583 0.547818 0.560024 0.566392 0.563105 0.568483 0.562035 0.567718 0.562817 0.552826 0.568187 0.55946 0.572784 0.565259 0.562851 0.538927 0.562642 0.562457 0.563821 0.549369 0.567834 0.558872 0.573992
0.568276 0.542392 0.578211 0.573653 0.557734 0.553584 0.520834 0.566844 0.567436 0.553112 0.553947 0.548128 0.543574 0.564422 0.543014 0.54976 0.52317 0.559263 0.565722 0.564459 0.566886 0.545667 0.576559 0.55556 0.539777 0.550076 0.533046 0.572337 0.576295 0.543388 0.560936 0.555918 0.57635 0.549385 0.564092 0 0.543527 0.545389 0.551582 0.559514 0.555111 0.563023 0.571134 0.573961 0.560335 0.560465 0.556453 0.562165 0.57201 0.583484 0.563997 0.559755 0.559654 0.562088 0.554837 0.548213 0.552009 0.555976 0.55968 0.563251
0.568604 0.546885 0.579837 0.564256 0.559662 0.551709 0.512748 0.560508 0.570325 0.543178 0.550874 0.554952 0.538796 0.539561 0.527792 0.53157 0.508213 0.54533 0.552632 0.560901 0.552568 0.52692 0.576513 0.555215 0.540722 0.543581 0.549232 0.57172 0.575133 0.537562 0.549425 0.542722 0.569078 0.559371 0.571799 0.543527 0 0.56352 0.559426 0.544081 0.57049 0.565459 0.549243 0.563595 0.546846 0.549125 0.555842 0.562038 0.570632 0.575944 0.573001 0.558054 0.556256 0.550917 0.545313 0.558067 0.541482 0.559302 0.55459 0.554408
0.56206 0.537446 0.545832 0.561591 0.556079 0.554647 0.521469 0.569551 0.565475 0.554826 0.539064 0.547452 0.546445 0.549682 0.562346 0.543577 0.516209 0.544265 0.547991 0.559272 0.544826 0.553041 0.56679 0.558443 0.52983 0.533569 0.557699 0.562634 0.552863 0.545118 0.544999 0.558665 0.543335 0.532754 0.55583 0.545389 0.56352 0 0.545919 0.556595 0.557422 0.548039 0.555621 0.551467 0.555784 0.54787 0.549563 0.561751 0.562612 0.563029 0.55396 0.566756 0.542916 0.56017 0.560854 0.554573 0.557621 0.545956 0.551121 0.554667
0.537962 0.539151 0.529083 0.538817 0.558237 0.536991 0.486037 0.567119 0.530951 0.542517 0.543369 0.53677 0.550431 0.531428 0.550849 0.534026 0.510288 0.538059 0.542315 0.547238 0.514621 0.531568 0.545804 0.535063 0.524785 0.537445 0.559628 0.5328 0.536142 0.535409 0.544625 0.552158 0.528351 0.525918 0.547818 0.551582 0.559426 0.545919 0 0.548847 0.551027 0.543637 0.546653 0.544856 0.560189 0.539224 0.549354 0.536636 0.542857 0.55272 0.534881 0.562323 0.508165 0.535701 0.563639 0.530444 0.554857 0.547568 0.528206 0.54557
0.563752 0.551625 0.555925 0.552016 0.550046 0.552362 0.521411 0.557297 0.551045 0.543478 0.557127 0.551101 0.542776 0.553656 0.54798 0.546353 0.526545 0.556121 0.55772 0.567636 0.550668 0.555107 0.562188 0.560987 0.532688 0.532432 0.56005 0.56436 0.558256 0.549179 0.566478 0.552995 0.569574 0.552502 0.560024 0.559514 0.544081 0.556595 0.548847 0 0.576843 0.556374 0.551365 0.5503 0.552041 0.554358 0.549552 0.563925 0.562326 0.563503 0.55419 0.566113 0.548483 0.549392 0.552098 0.556063 0.542837 0.567126 0.545992 0.562185
0.580383 0.568728 0.571073 0.570701 0.564173 0.577492 0.537814 0.58373 0.578445 0.562516 0.555718 0.561378 0.568027 0.574698 0.54462 0.55818 0.520082 0.562916 0.567293 0.572456 0.567803 0.563897 0.584968 0.566382 0.544973 0.559204 0.571882 0.579948 0.570404 0.559134 0.583506 0.572786 0.573532 0.550873 0.566392 0.555111 0.57049 0.557422 0.551027 0.576843 0 0.55596 0.56865 0.570049 0.567632 0.568042 0.561601 0.556888 0.58206 0.579071 0.573327 0.563532 0.549545 0.566286 0.574863 0.571705 0.563713 0.567002 0.559743 0.56578
0.5662 0.545787 0.56937 0.562313 0.575396 0.546934 0.51939 0.569321 0.560615 0.560222 0.54743 0.554975 0.558521 0.560035 0.55543 0.54936 0.533561 0.55356 0.567938 0.550105 0.550928 0.560295 0.561614 0.55832 0.532898 0.545773 0.5632 0.563526 0.562752 0.543861 0.570049 0.55923 0.548768 0.548472 0.563105 0.563023 0.565459 0.548039 0.543637 0.556374 0.55596 0 0.559943 0.560122 0.556152 0.572391 0.553273 0.555255 0.56488 0.569888 0.555251 0.562869 0.549452 0.559952 0.571508 0.559011 0.568153 0.566802 0.554736 0.562662
0.562882 0.559174 0.555831 0.568271 0.56287 0.564945 0.515299 0.563363 0.561069 0.548482 0.553264 0.557464 0.546822 0.556377 0.564546 0.546299 0.53041 0.553098 0.565641 0.57059 0.555026 0.550355 0.570087 0.564568 0.543773 0.546832 0.559394 0.570485 0.559375 0.558038 0.566429 0.548724 0.570992 0.55177 0.568483 0.571134 0.549243 0.555621 0.546653 0.551365 0.56865 0.559943 0 0.573006 0.554806 0.550981 0.55761 0.547394 0.566222 0.570348 0.552706 0.563372 0.543404 0.558839 0.556776 0.561106 0.54599 0.55979 0.55479 0.555964
0.559512 0.553235 0.552134 0.554469 0.568453 0.553714 0.529085 0.580699 0.556075 0.574179 0.551907 0.554785 0.563661 0.558456 0.561159 0.552262 0.525943 0.553071 0.558139 0.553041 0.54125 0.557825 0.550308 0.561748 0.541028 0.549292 0.569168 0.553243 0.554154 0.560059 0.56299 0.571049 0.561885 0.559947 0.562035 0.573961 0.563595 0.551467 0.544856 0.5503 0.570049 0.560122 0.573006 0 0.570608 0.552788 0.562407 0.56892 0.565738 0.561685 0.556712 0.579326 0.527091 0.55927 0.574394 0.561534 0.569063 0.562516 0.552565 0.55199
0.570317 0.567817 0.575441 0.569796 0.564883 0.547069 0.526311 0.551136 0.56378 0.55929 0.537232 0.546755 0.541998 0.553654 0.543732 0.557157 0.522905 0.545325 0.553154 0.546973 0.570228 0.536803 0.573092 0.550495 0.522768 0.547171 0.535046 0.575604 0.572883 0.545068 0.567308 0.541419 0.579025 0.551956 0.567718 0.560335 0.546846 0.555784 0.560189 0.552041 0.567632 0.556152 0.554806 0.570608 0 0.553185 0.550191 0.561783 0.585069 0.583589 0.574542 0.560661 0.562835 0.55812 0.552428 0.565264 0.540027 0.551991 0.54972 0.563041
0.556456 0.562799 0.55769 0.554845 0.554702 0.554717 0.512477 0.566777 0.558213 0.559724 0.554099 0.555895 0.562436 0.555382 0.553816 0.55005 0.517618 0.548197 0.538249 0.551475 0.545188 0.535549 0.564847 0.554944 0.536854 0.542037 0.557458 0.552369 0.556984 0.552119 0.554778 0.561847 0.562652 0.546209 0.562817 0.560465 0.549125 0.54787 0.539224 0.554358 0.568042 0.572391 0.550981 0.552788 0.553185 0 0.561437 0.555128 0.562643 0.566461 0.553391 0.569773 0.546021 0.551419 0.558846 0.542308 0.55497 0.546885 0.554666 0.549543
0.567981 0.554141 0.560581 0.541146 0.557922 0.527422 0.501393 0.552382 0.562133 0.551893 0.546499 0.540099 0.536442 0.552358 0.544155 0.545779 0.522318 0.554402 0.564193 0.562817 0.544449 0.539497 0.5714 0.54652 0.53797 0.534436 0.559373 0.554407 0.566022 0.544217 0.558943 0.554963 0.554894 0.543556 0.552826 0.556453 0.555842 0.549563 0.549354 0.549552 0.561601 0.553273 0.55761 0.562407 0.550191 0.561437 0 0.558673 0.568532 0.560785 0.55592 0.559326 0.537263 0.550243 0.561822 0.548143 0.539546 0.552152 0.542689 0.55709
0.558561 0.556376 0.553432 0.549302 0.557006 0.56713 0.513528 0.565664 0.559948 0.556001 0.552755 0.555846 0.551201 0.557541 0.551774 0.540492 0.522866 0.547454 0.556644 0.558332 0.552452 0.560384 0.556267 0.549901 0.531353 0.555548 0.566676 0.570862 0.570299 0.565358 0.558536 0.558923 0.560187 0.544091 0.568187 0.562165 0.562038 0.561751 0.536636 0.563925 0.556888 0.555255 0.547394 0.56892 0.561783 0.555128 0.558673 0 0.572899 0.582204 0.550868 0.565422 0.549932 0.546809 0.567991 0.572926 0.547165 0.554917 0.550035 0.550399
0.560758 0.5604 0.550902 0.558633 0.573214 0.564376 0.530003 0.585206 0.565836 0.549171 0.567977 0.560402 0.569739 0.565474 0.574987 0.555112 0.540908 0.554192 0.574736 0.572695 0.555374 0.586864 0.558195 0.557566 0.535955 0.568094 0.582387 0.558313 0.564884 0.550073 0.575252 0.593796 0.550562 0.578405 0.55946 0.57201 0.570632 0.562612 0.542857 0.562326 0.58206 0.56488 0.566222 0.565738 0.585069 0.562643 0.568532 0.572899 0 0.579039 0.553165 0.594945 0.546321 0.570132 0.578965 0.571591 0.584505 0.571628 0.574451 0.581698
0.560638 0.580988 0.55005 0.563953 0.571068 0.566304 0.539266 0.602613 0.5736 0.567777 0.574227 0.556696 0.57833 0.567249 0.5832 0.560463 0.551204 0.576273 0.581938 0.566922 0.551568 0.579071 0.56137 0.572276 0.550065 0.552709 0.60194 0.574402 0.553626 0.569987 0.580441 0.582318 0.557571 0.556448 0.572784 0.583484 0.575944 0.563029 0.55272 0.563503 0.579071 0.569888 0.570348 0.561685 0.583589 0.566461 0.560785 0.582204 0.579039 0 0.557375 0.595981 0.554152 0.576472 0.586403 0.574417 0.583682 0.57681 0.567784 0.571347
0.556379 0.548781 0.556016 0.534389 0.573757 0.554979 0.523164 0.598291 0.549897 0.545747 0.560734 0.552579 0.56558 0.55716 0.559613 0.550451 0.52787 0.549169 0.55984 0.562439 0.535559 0.568138 0.559156 0.557737 0.537536 0.5388 0.567487 0.558582 0.54466 0.542914 0.556384 0.572638 0.529182 0.539085 0.565259 0.563997 0.573001 0.55396 0.534881 0.55419 0.573327 0.555251 0.552706 0.556712 0.574542 0.553391 0.55592 0.550868 0.553165 0.557375 0 0.574483 0.548605 0.558392 0.567106 0.546954 0.576355 0.564385 0.550535 0.564762
0.582363 0.551689 0.580156 0.574797 0.566437 0.550951 0.509195 0.566758 0.592195 0.560857 0.55328 0.564669 0.548413 0.571564 0.552332 0.544227 0.528761 0.551932 0.562635 0.590952 0.579876 0.541829 0.582349 0.564027 0.543118 0.555178 0.558967 0.581877 0.5779 0.549827 0.556409 0.548196 0.57959 0.558993 0.562851 0.559755 0.558054 0.566756 0.562323 0.566113 0.563532 0.562869 0.563372 0.579326 0.560661 0.569773 0.559326 0.565422 0.594945 0.595981 0.574483 0 0.572837 0.571592 0.561375 0.562343 0.54781 0.569999 0.564778 0.572135
0.539851 0.564132 0.533737 0.525421 0.559948 0.552778 0.498788 0.582739 0.539284 0.543044 0.550319 0.538722 0.552636 0.540622 0.55642 0.538602 0.517054 0.538407 0.543568 0.533419 0.526756 0.552391 0.55008 0.543504 0.524397 0.533385 0.557107 0.544442 0.533805 0.540166 0.549182 0.563953 0.547695 0.545872 0.538927 0.559654 0.556256 0.542916 0.508165 0.548483 0.549545 0.549452 0.543404 0.527091 0.562835 0.546021 0.537263 0.549932 0.546321 0.554152 0.548605 0.572837 0 0.536348 0.549031 0.549368 0.554118 0.543288 0.538479 0.546503
0.566057 0.570633 0.564784 0.549887 0.556265 0.553636 0.521568 0.560161 0.561614 0.553669 0.552691 0.551988 0.551405 0.542249 0.54008 0.546268 0.525204 0.559573 0.552736 0.556023 0.546202 0.544413 0.568642 0.552113 0.531145 0.546907 0.545545 0.55543 0.563246 0.535582 0.566861 0.549643 0.571994 0.558114 0.562642 0.562088 0.550917 0.56017 0.535701 0.549392 0.566286 0.559952 0.558839 0.55927 0.55812 0.551419 0.550243 0.546809 0.570132 0.576472 0.558392 0.571592 0.536348 0 0.561865 0.558945 0.553964 0.559791 0.556492 0.55045
0.578749 0.558879 0.585996 0.571586 0.5633 0.566218 0.523202 0.568231 0.587171 0.561666 0.56602 0.568387 0.552532 0.57098 0.535035 0.548593 0.529346 0.55981 0.567088 0.561568 0.57501 0.543639 0.585979 0.565226 0.543944 0.559132 0.546714 0.573749 0.579824 0.555418 0.574484 0.559522 0.579362 0.56916 0.562457 0.554837 0.545313 0.560854 0.563639 0.552098 0.574863 0.571508 0.556776 0.574394 0.552428 0.558846 0.561822 0.567991 0.578965 0.586403 0.567106 0.561375 0.549031 0.561865 0 0.565673 0.541628 0.556439 0.5559 0.558936
0.559482 0.554964 0.561103 0.554771 0.552771 0.546192 0.520139 0.571521 0.557742 0.556934 0.549455 0.559376 0.561512 0.556893 0.558085 0.549642 0.518677 0.551917 0.565372 0.549109 0.543001 0.546103 0.577956 0.558612 0.526926 0.549883 0.550908 0.553941 0.551518 0.540822 0.56703 0.571162 0.551888 0.550813 0.563821 0.548213 0.558067 0.554573 0.530444 0.556063 0.571705 0.559011 0.561106 0.561534 0.565264 0.542308 0.548143 0.572926 0.571591 0.574417 0.546954 0.562343 0.549368 0.558945 0.565673 0 0.561323 0.561115 0.551143 0.571965
0.575077 0.5536 0.568741 0.557465 0.551767 0.546516 0.509747 0.564233 0.573025 0.552358 0.534616 0.546561 0.544853 0.539207 0.540415 0.544862 0.519601 0.558429 0.553014 0.560563 0.568916 0.537509 0.574689 0.565761 0.537881 0.548755 0.546541 0.576485 0.580028 0.549513 0.564462 0.539336 0.554892 0.541074 0.549369 0.552009 0.541482 0.557621 0.554857 0.542837 0.563713 0.568153 0.54599 0.569063 0.540027 0.55497 0.539546 0.547165 0.584505 0.583682 0.576355 0.54781 0.554118 0.553964 0.541628 0.561323 0 0.537768 0.545637 0.551477
0.548673 0.566544 0.561092 0.553041 0.571211 0.561346 0.520173 0.578566 0.562757 0.560223 0.55233 0.559997 0.559539 0.553186 0.550183 0.533592 0.5328 0.553526 0.548365 0.547141 0.546214 0.543415 0.56457 0.567184 0.534684 0.536616 0.557907 0.560112 0.559507 0.559646 0.557979 0.556459 0.574212 0.543404 0.567834 0.555976 0.559302 0.545956 0.547568 0.567126 0.567002 0.566802 0.55979 0.562516 0.551991 0.546885 0.552152 0.554917 0.571628 0.57681 0.564385 0.569999 0.543288 0.559791 0.556439 0.561115 0.537768 0 0.547079 0.566314
0.555 0.551786 0.543759 0.547128 0.54961 0.559037 0.507017 0.568544 0.541349 0.550921 0.546471 0.558488 0.559627 0.546879 0.547462 0.533022 0.518794 0.550005 0.551787 0.5518 0.548779 0.533246 0.554687 0.555253 0.538948 0.541724 0.554023 0.55951 0.551758 0.541998 0.552524 0.560205 0.573143 0.554409 0.558872 0.55968 0.55459 0.551121 0.528206 0.545992 0.559743 0.554736 0.55479 0.552565 0.54972 0.554666 0.542689 0.550035 0.574451 0.567784 0.550535 0.564778 0.538479 0.556492 0.5559 0.551143 0.545637 0.547079 0 0.557967
0.559933 0.559752 0.557063 0.553722 0.563545 0.556638 0.523501 0.555 0.56186 0.560962 0.548299 0.548274 0.549931 0.540317 0.536455 0.543361 0.507975 0.554791 0.561513 0.555589 0.561266 0.540949 0.55649 0.568187 0.540047 0.543082 0.546551 0.567047 0.561137 0.558148 0.55725 0.554511 0.551531 0.546484 0.573992 0.563251 0.554408 0.554667 0.54557 0.562185 0.56578 0.562662 0.555964 0.55199 0.563041 0.549543 0.55709 0.550399 0.581698 0.571347 0.564762 0.572135 0.546503 0.55045 0.558936 0.571965 0.551477 0.566314 0.557967 0
