0 0.536442 0.519584 0.527128 0.538063 0.526446 0.527779 0.536694 0.540197 0.529358 0.531107 0.519002 0.542165 0.529909 0.515755 0.518466 0.528703 0.534348 0.532236 0.529458 0.537901 0.52369 0.52352 0.535324 0.532004 0.520146 0.54353 0.531394 0.53322 0.532941 0.536547 0.533738 0.537679 0.542754 0.551069 0.535467 0.515597 0.534439 0.533309 0.540613
0.536442 0 0.530899 0.533126 0.530739 0.538767 0.538199 0.531611 0.544698 0.540687 0.535799 0.534399 0.538169 0.539752 0.522331 0.537299 0.547161 0.534644 0.537424 0.542876 0.545889 0.549505 0.54273 0.543928 0.527915 0.528979 0.531652 0.546452 0.54351 0.549833 0.543553 0.539983 0.541896 0.54231 0.553203 0.548462 0.528374 0.547512 0.541888 0.538268
0.519584 0.530899 0 0.531057 0.50829 0.527761 0.530395 0.539998 0.540182 0.545171 0.536852 0.511278 0.541197 0.525372 0.530622 0.525948 0.528814 0.542736 0.537002 0.521521 0.551495 0.541821 0.524956 0.528056 0.529631 0.526967 0.5341 0.537735 0.535375 0.53024 0.548212 0.536592 0.550307 0.539917 0.544674 0.546215 0.525778 0.539333 0.540828 0.536031
0.527128 0.533126 0.531057 0 0.541565 0.534139 0.543251 0.539335 0.542905 0.538189 0.5348 0.533119 0.54911 0.539882 0.53638 0.537534 0.5352 0.526059 0.546701 0.534402 0.549794 0.537307 0.53795 0.550893 0.542945 0.53834 0.553377 0.554908 0.543707 0.539902 0.544489 0.540392 0.542902 0.545439 0.554828 0.550586 0.527702 0.540289 0.523035 0.534623
0.538063 0.530739 0.50829 0.541565 0 0.522315 0.523483 0.543725 0.535787 0.540128 0.544392 0.523516 0.551706 0.535465 0.532231 0.524384 0.534846 0.542047 0.545991 0.537172 0.554884 0.547586 0.528712 0.548441 0.527608 0.542246 0.545704 0.53475 0.536681 0.538821 0.544733 0.541707 0.550377 0.544377 0.532314 0.54652 0.529422 0.541035 0.536665 0.534732
0.526446 0.538767 0.527761 0.534139 0.522315 0 0.530302 0.530795 0.541406 0.548143 0.529588 0.524675 0.545228 0.53308 0.534561 0.522882 0.534537 0.538089 0.536702 0.536087 0.552801 0.537176 0.541299 0.539445 0.546154 0.537697 0.540856 0.550831 0.539381 0.531807 0.536322 0.532363 0.547863 0.547747 0.536246 0.541119 0.531396 0.529134 0.526536 0.538629
0.527779 0.538199 0.530395 0.543251 0.523483 0.530302 0 0.527666 0.536252 0.532589 0.544481 0.527672 0.545936 0.531224 0.533135 0.528664 0.530496 0.550696 0.54423 0.537999 0.556258 0.545608 0.538418 0.539966 0.537321 0.535864 0.546056 0.54921 0.544784 0.547854 0.537553 0.542188 0.553387 0.547 0.541658 0.540855 0.532079 0.542012 0.535652 0.52622
0.536694 0.531611 0.539998 0.539335 0.543725 0.530795 0.527666 0 0.547594 0.552886 0.538977 0.520457 0.546722 0.527977 0.538145 0.536876 0.541389 0.54343 0.54713 0.536417 0.554121 0.538748 0.541904 0.548478 0.541003 0.536554 0.547904 0.558546 0.546084 0.546959 0.540378 0.532804 0.540996 0.55218 0.546499 0.539111 0.544703 0.544848 0.545184 0.543476
0.540197 0.544698 0.540182 0.542905 0.535787 0.541406 0.536252 0.547594 0 0.540019 0.531149 0.532094 0.549976 0.536637 0.543168 0.534436 0.538702 0.537443 0.536467 0.54135 0.547654 0.530167 0.544744 0.541541 0.544253 0.545012 0.540655 0.550981 0.543464 0.558296 0.546396 0.548867 0.549153 0.546765 0.552589 0.552397 0.536678 0.532637 0.546381 0.549658
0.529358 0.540687 0.545171 0.538189 0.540128 0.548143 0.532589 0.552886 0.540019 0 0.52504 0.527288 0.542431 0.529854 0.523323 0.534337 0.540933 0.534629 0.53665 0.534028 0.549728 0.544245 0.523835 0.541596 0.532263 0.535679 0.549451 0.546924 0.542329 0.543973 0.546414 0.561714 0.541863 0.543995 0.544348 0.532034 0.539891 0.531125 0.531162 0.534654
0.531107 0.535799 0.536852 0.5348 0.544392 0.529588 0.544481 0.538977 0.531149 0.52504 0 0.53365 0.536195 0.531766 0.525249 0.528433 0.538087 0.518488 0.531849 0.529301 0.542164 0.541602 0.537401 0.542914 0.537087 0.548484 0.538147 0.548764 0.547065 0.54587 0.524673 0.546748 0.530601 0.534105 0.551541 0.529226 0.539144 0.528957 0.5279 0.547087
0.519002 0.534399 0.511278 0.533119 0.523516 0.524675 0.527672 0.520457 0.532094 0.527288 0.53365 0 0.537093 0.526989 0.532727 0.521247 0.532451 0.536091 0.540848 0.527824 0.534426 0.530104 0.527694 0.540082 0.52975 0.516438 0.535951 0.541589 0.524221 0.525603 0.548878 0.526286 0.551516 0.530608 0.526342 0.539306 0.513585 0.527062 0.519308 0.526457
0.542165 0.538169 0.541197 0.54911 0.551706 0.545228 0.545936 0.546722 0.549976 0.542431 0.536195 0.537093 0 0.538387 0.528236 0.541484 0.551015 0.541715 0.534759 0.54714 0.550291 0.550885 0.551289 0.543184 0.542388 0.553354 0.542074 0.557881 0.55615 0.543769 0.549582 0.546859 0.557708 0.55563 0.562331 0.559228 0.541745 0.545304 0.541777 0.54627
0.529909 0.539752 0.525372 0.539882 0.535465 0.53308 0.531224 0.527977 0.536637 0.529854 0.531766 0.526989 0.538387 0 0.530115 0.52479 0.535586 0.532127 0.532976 0.534897 0.53171 0.542929 0.538938 0.537446 0.530946 0.534729 0.540737 0.554908 0.544271 0.548537 0.539413 0.536047 0.542205 0.542949 0.543211 0.540967 0.542104 0.548325 0.535708 0.550114
0.515755 0.522331 0.530622 0.53638 0.532231 0.534561 0.533135 0.538145 0.543168 0.523323 0.525249 0.532727 0.528236 0.530115 0 0.526853 0.529803 0.530203 0.535745 0.529057 0.545725 0.541581 0.542433 0.539576 0.533357 0.534627 0.549607 0.544306 0.547811 0.542232 0.537541 0.536339 0.547675 0.544936 0.545547 0.524999 0.536061 0.535448 0.541451 0.543191
0.518466 0.537299 0.525948 0.537534 0.524384 0.522882 0.528664 0.536876 0.534436 0.534337 0.528433 0.521247 0.541484 0.52479 0.526853 0 0.529244 0.535962 0.534857 0.525355 0.541089 0.53334 0.530117 0.530218 0.540672 0.532135 0.540776 0.543015 0.531258 0.535543 0.522467 0.536679 0.539696 0.541861 0.543576 0.538884 0.528358 0.529424 0.525359 0.539119
0.528703 0.547161 0.528814 0.5352 0.534846 0.534537 0.530496 0.541389 0.538702 0.540933 0.538087 0.532451 0.551015 0.535586 0.529803 0.529244 0 0.546119 0.543582 0.527463 0.544726 0.530219 0.537883 0.536599 0.536988 0.546708 0.537345 0.55002 0.534158 0.542209 0.543383 0.542933 0.553295 0.538249 0.537135 0.538449 0.5261 0.531904 0.536079 0.535581
0.534348 0.534644 0.542736 0.526059 0.542047 0.538089 0.550696 0.54343 0.537443 0.534629 0.518488 0.536091 0.541715 0.532127 0.530203 0.535962 0.546119 0 0.528256 0.540414 0.542956 0.545755 0.548831 0.537558 0.553496 0.539911 0.557654 0.547526 0.544262 0.558419 0.543568 0.550343 0.546675 0.546405 0.55092 0.538311 0.543827 0.53594 0.536497 0.543976
0.532236 0.537424 0.537002 0.546701 0.545991 0.536702 0.54423 0.54713 0.536467 0.53665 0.531849 0.540848 0.534759 0.532976 0.535745 0.534857 0.543582 0.528256 0 0.541524 0.554787 0.546051 0.550835 0.550051 0.551671 0.549016 0.543789 0.558403 0.549558 0.545469 0.533522 0.553513 0.539184 0.549702 0.555795 0.542152 0.551094 0.540977 0.539513 0.548326
0.529458 0.542876 0.521521 0.534402 0.537172 0.536087 0.537999 0.536417 0.54135 0.534028 0.529301 0.527824 0.54714 0.534897 0.529057 0.525355 0.527463 0.540414 0.541524 0 0.539707 0.536977 0.527199 0.536177 0.549575 0.539327 0.542394 0.553387 0.53984 0.539333 0.534624 0.534415 0.550624 0.53814 0.543493 0.531301 0.538508 0.547121 0.531528 0.543635
0.537901 0.545889 0.551495 0.549794 0.554884 0.552801 0.556258 0.554121 0.547654 0.549728 0.542164 0.534426 0.550291 0.53171 0.545725 0.541089 0.544726 0.542956 0.554787 0.539707 0 0.523578 0.521433 0.538123 0.541858 0.532792 0.52967 0.535648 0.538798 0.540305 0.550912 0.555648 0.549809 0.556957 0.561525 0.551906 0.543417 0.556264 0.530733 0.553842
0.52369 0.549505 0.541821 0.537307 0.547586 0.537176 0.545608 0.538748 0.530167 0.544245 0.541602 0.530104 0.550885 0.542929 0.541581 0.53334 0.530219 0.545755 0.546051 0.536977 0.523578 0 0.517665 0.539407 0.516423 0.527371 0.538701 0.524598 0.523941 0.519515 0.549203 0.549995 0.559378 0.545295 0.547991 0.543282 0.544317 0.555788 0.541349 0.549668
0.52352 0.54273 0.524956 0.53795 0.528712 0.541299 0.538418 0.541904 0.544744 0.523835 0.537401 0.527694 0.551289 0.538938 0.542433 0.530117 0.537883 0.548831 0.550835 0.527199 0.521433 0.517665 0 0.532056 0.520029 0.517678 0.537945 0.527145 0.530473 0.519992 0.546753 0.529208 0.555936 0.549426 0.54719 0.558661 0.524461 0.536656 0.540797 0.546073
0.535324 0.543928 0.528056 0.550893 0.548441 0.539445 0.539966 0.548478 0.541541 0.541596 0.542914 0.540082 0.543184 0.537446 0.539576 0.530218 0.536599 0.537558 0.550051 0.536177 0.538123 0.539407 0.532056 0 0.53514 0.523932 0.501679 0.52982 0.525002 0.528283 0.541106 0.55046 0.549231 0.548681 0.545767 0.542029 0.542169 0.542188 0.536259 0.549622
0.532004 0.527915 0.529631 0.542945 0.527608 0.546154 0.537321 0.541003 0.544253 0.532263 0.537087 0.52975 0.542388 0.530946 0.533357 0.540672 0.536988 0.553496 0.551671 0.549575 0.541858 0.516423 0.520029 0.53514 0 0.527977 0.529397 0.52977 0.525682 0.519759 0.549532 0.539913 0.554898 0.552433 0.548392 0.551627 0.535552 0.546552 0.54949 0.546843
0.520146 0.528979 0.526967 0.53834 0.542246 0.537697 0.535864 0.536554 0.545012 0.535679 0.548484 0.516438 0.553354 0.534729 0.534627 0.532135 0.546708 0.539911 0.549016 0.539327 0.532792 0.527371 0.517678 0.523932 0.527977 0 0.525718 0.535419 0.515946 0.518448 0.554801 0.536201 0.556384 0.560267 0.541794 0.53823 0.525998 0.540491 0.544552 0.537276
0.54353 0.531652 0.5341 0.553377 0.545704 0.540856 0.546056 0.547904 0.540655 0.549451 0.538147 0.535951 0.542074 0.540737 0.549607 0.540776 0.537345 0.557654 0.543789 0.542394 0.52967 0.538701 0.537945 0.501679 0.529397 0.525718 0 0.536894 0.53346 0.519534 0.547727 0.546044 0.548457 0.558042 0.551602 0.551543 0.533532 0.554167 0.54653 0.544335
0.531394 0.546452 0.537735 0.554908 0.53475 0.550831 0.54921 0.558546 0.550981 0.546924 0.548764 0.541589 0.557881 0.554908 0.544306 0.543015 0.55002 0.547526 0.558403 0.553387 0.535648 0.524598 0.527145 0.52982 0.52977 0.535419 0.536894 0 0.513312 0.525093 0.557354 0.556937 0.567151 0.552792 0.556336 0.558472 0.538946 0.560989 0.560577 0.557467
0.53322 0.54351 0.535375 0.543707 0.536681 0.539381 0.544784 0.546084 0.543464 0.542329 0.547065 0.524221 0.55615 0.544271 0.547811 0.531258 0.534158 0.544262 0.549558 0.53984 0.538798 0.523941 0.530473 0.525002 0.525682 0.515946 0.53346 0.513312 0 0.525071 0.55607 0.54143 0.552266 0.561008 0.540661 0.54468 0.529521 0.551481 0.551146 0.547465
0.532941 0.549833 0.53024 0.539902 0.538821 0.531807 0.547854 0.546959 0.558296 0.543973 0.54587 0.525603 0.543769 0.548537 0.542232 0.535543 0.542209 0.558419 0.545469 0.539333 0.540305 0.519515 0.519992 0.528283 0.519759 0.518448 0.519534 0.525093 0.525071 0 0.551249 0.536411 0.564424 0.567739 0.558315 0.557126 0.530147 0.545561 0.546437 0.551428
0.536547 0.543553 0.548212 0.544489 0.544733 0.536322 0.537553 0.540378 0.546396 0.546414 0.524673 0.548878 0.549582 0.539413 0.537541 0.522467 0.543383 0.543568 0.533522 0.534624 0.550912 0.549203 0.546753 0.541106 0.549532 0.554801 0.547727 0.557354 0.55607 0.551249 0 0.547188 0.554091 0.547825 0.546655 0.536463 0.551438 0.54774 0.536677 0.547761
0.533738 0.539983 0.536592 0.540392 0.541707 0.532363 0.542188 0.532804 0.548867 0.561714 0.546748 0.526286 0.546859 0.536047 0.536339 0.536679 0.542933 0.550343 0.553513 0.534415 0.555648 0.549995 0.529208 0.55046 0.539913 0.536201 0.546044 0.556937 0.54143 0.536411 0.547188 0 0.562865 0.559776 0.546885 0.549042 0.534223 0.554179 0.539803 0.553839
0.537679 0.541896 0.550307 0.542902 0.550377 0.547863 0.553387 0.540996 0.549153 0.541863 0.530601 0.551516 0.557708 0.542205 0.547675 0.539696 0.553295 0.546675 0.539184 0.550624 0.549809 0.559378 0.555936 0.549231 0.554898 0.556384 0.548457 0.567151 0.552266 0.564424 0.554091 0.562865 0 0.547765 0.555703 0.55312 0.553526 0.551542 0.539934 0.553501
0.542754 0.54231 0.539917 0.545439 0.544377 0.547747 0.547 0.55218 0.546765 0.543995 0.534105 0.530608 0.55563 0.542949 0.544936 0.541861 0.538249 0.546405 0.549702 0.53814 0.556957 0.545295 0.549426 0.548681 0.552433 0.560267 0.558042 0.552792 0.561008 0.567739 0.547825 0.559776 0.547765 0 0.549834 0.550826 0.548323 0.546065 0.549393 0.543734
0.551069 0.553203 0.544674 0.554828 0.532314 0.536246 0.541658 0.546499 0.552589 0.544348 0.551541 0.526342 0.562331 0.543211 0.545547 0.543576 0.537135 0.55092 0.555795 0.543493 0.561525 0.547991 0.54719 0.545767 0.548392 0.541794 0.551602 0.556336 0.540661 0.558315 0.546655 0.546885 0.555703 0.549834 0 0.546856 0.534247 0.549366 0.544378 0.544469
0.535467 0.548462 0.546215 0.550586 0.54652 0.541119 0.540855 0.539111 0.552397 0.532034 0.529226 0.539306 0.559228 0.540967 0.524999 0.538884 0.538449 0.538311 0.542152 0.531301 0.551906 0.543282 0.558661 0.542029 0.551627 0.53823 0.551543 0.558472 0.54468 0.557126 0.536463 0.549042 0.55312 0.550826 0.546856 0 0.551299 0.550925 0.541429 0.561268
0.515597 0.528374 0.525778 0.527702 0.529422 0.531396 0.532079 0.544703 0.536678 0.539891 0.539144 0.513585 0.541745 0.542104 0.536061 0.528358 0.5261 0.543827 0.551094 0.538508 0.543417 0.544317 0.524461 0.542169 0.535552 0.525998 0.533532 0.538946 0.529521 0.530147 0.551438 0.534223 0.553526 0.548323 0.534247 0.551299 0 0.525841 0.530274 0.531439
0.534439 0.547512 0.539333 0.540289 0.541035 0.529134 0.542012 0.544848 0.532637 0.531125 0.528957 0.527062 0.545304 0.548325 0.535448 0.529424 0.531904 0.53594 0.540977 0.547121 0.556264 0.555788 0.536656 0.542188 0.546552 0.540491 0.554167 0.560989 0.551481 0.545561 0.54774 0.554179 0.551542 0.546065 0.549366 0.550925 0.525841 0 0.536918 0.554018
0.533309 0.541888 0.540828 0.523035 0.536665 0.526536 0.535652 0.545184 0.546381 0.531162 0.5279 0.519308 0.541777 0.535708 0.541451 0.525359 0.536079 0.536497 0.539513 0.531528 0.530733 0.541349 0.540797 0.536259 0.54949 0.544552 0.54653 0.560577 0.551146 0.546437 0.536677 0.539803 0.539934 0.549393 0.544378 0.541429 0.530274 0.536918 0 0.544927
0.540613 0.538268 0.536031 0.534623 0.534732 0.538629 0.52622 0.543476 0.549658 0.534654 0.547087 0.526457 0.54627 0.550114 0.543191 0.539119 0.535581 0.543976 0.548326 0.543635 0.553842 0.549668 0.546073 0.549622 0.546843 0.537276 0.544335 0.557467 0.547465 0.551428 0.547761 0.553839 0.553501 0.543734 0.544469 0.561268 0.531439 0.554018 0.544927 0
